task,arm,row,start_layer,mean_delta_all,sem_all,n_all,mean_delta_test40,sem_test40,n_test40
antonym,payload_zero,cue1,0,-0.08029639720916748,0.010566077569911292,170,-0.07111706584692001,0.017066617495211482,40
antonym,payload_zero,cue1,1,-0.09460832923650742,0.010528609821694943,170,-0.087529256939888,0.016793049459147988,40
antonym,payload_zero,cue1,2,-0.08494812250137329,0.010395509257615744,170,-0.07914988696575165,0.016553649301881967,40
antonym,payload_zero,cue1,3,-0.08973591774702072,0.010358616371446515,170,-0.08485763520002365,0.016573753736427468,40
antonym,payload_zero,cue1,4,-0.08217759430408478,0.011201290989045149,170,-0.07154262065887451,0.017093350762124704,40
antonym,payload_zero,cue1,5,-0.09752686321735382,0.010494657532041108,170,-0.09445911645889282,0.016081767617613946,40
antonym,payload_zero,cue1,6,-0.14055708050727844,0.010143935682819384,170,-0.14044404029846191,0.01699958347206941,40
antonym,payload_zero,cue1,7,-0.14378120005130768,0.0097539003553493,170,-0.14172664284706116,0.01737544427532436,40
antonym,payload_zero,cue1,8,-0.09525296837091446,0.006664373426543068,170,-0.09110452234745026,0.011828856261120803,40
antonym,payload_zero,cue1,9,-0.06996123492717743,0.0051552628377304,170,-0.0649026408791542,0.009059514578986806,40
antonym,payload_zero,cue1,10,-0.021175215020775795,0.0017233449879181292,170,-0.01342397928237915,0.0026025388429907763,40
antonym,payload_zero,cue1,11,-0.006401695776730776,0.001020967852939916,170,-0.0020545541774481535,0.0017160121787785682,40
antonym,payload_zero,cue1,12,-0.002040811348706484,0.0007596179804542735,170,0.00092773960204795,0.001234797544425021,40
antonym,payload_zero,cue1,13,0.0013431331608444452,0.0005998860463203399,170,0.004128356464207172,0.0011034168287854234,40
antonym,payload_zero,cue1,14,-0.0009259295766241848,0.00043895349480083996,170,-0.0001378469169139862,0.0007676995870162881,40
antonym,payload_zero,cue1,15,-0.0005245035281404853,0.0003433565363867545,170,-0.0007117636268958449,0.0006324617467849031,40
antonym,payload_zero,cue1,16,-0.0005166000919416547,0.00032501466562283955,170,0.00033587217330932617,0.0006779879213313454,40
antonym,payload_zero,cue1,17,-0.0001592213666299358,0.0003131886004465769,170,0.0001663260190980509,0.000726691123119959,40
antonym,payload_zero,cue1,18,5.514288568519987e-05,0.0002951678217076771,170,0.0007526613771915436,0.0006740100476161012,40
antonym,payload_zero,cue1,19,2.339780257898383e-05,0.0002706152908165102,170,0.0008946843445301056,0.0006113113965849732,40
antonym,payload_zero,cue1,20,0.0005223979242146015,0.00024719523387242134,170,0.0009645238751545548,0.00046761924020999763,40
antonym,payload_zero,cue1,21,0.0005586643237620592,0.00024385468751640345,170,0.0006962604820728302,0.0005072979175705017,40
antonym,payload_zero,cue1,22,0.0004582497931551188,0.00023177424516999782,170,0.000497115426696837,0.000490181140300386,40
antonym,payload_zero,cue1,23,0.0002841130772139877,0.00023013751692102456,170,0.0006990901893004775,0.0004747090176310121,40
antonym,payload_zero,cue1,24,0.0002850117161870003,0.00021160303737106803,170,0.0005809984868392348,0.0005239282746673749,40
antonym,payload_zero,cue1,25,0.00016184186097234488,0.00021406202263488181,170,0.0010847232770174742,0.0005240054731161215,40
antonym,payload_zero,cue1,26,0.00021807568555232137,0.00017337730054530794,170,0.0005979351699352264,0.00036083593092120714,40
antonym,payload_zero,cue1,27,0.0,0.0,170,0.0,0.0,40
antonym,payload_zero,target1,0,-2.3400533199310303,0.10420727987047528,170,-2.2119405269622803,0.21266547670452468,40
antonym,payload_zero,target1,1,-2.3442373275756836,0.10388501883548708,170,-2.210739850997925,0.2131194462871131,40
antonym,payload_zero,target1,2,-2.3414037227630615,0.10420775530310272,170,-2.206843614578247,0.21232269527089576,40
antonym,payload_zero,target1,3,-2.332973003387451,0.10486884437155838,170,-2.183835983276367,0.21056758496770697,40
antonym,payload_zero,target1,4,-2.292424201965332,0.10317461277486961,170,-2.159965991973877,0.20678104324525107,40
antonym,payload_zero,target1,5,-2.286471366882324,0.1047660869234853,170,-2.17227840423584,0.21760483917060824,40
antonym,payload_zero,target1,6,-2.2442078590393066,0.10373354782897164,170,-2.159454584121704,0.21738802322256945,40
antonym,payload_zero,target1,7,-2.193444013595581,0.10013656171378583,170,-2.108333110809326,0.20292336674161648,40
antonym,payload_zero,target1,8,-1.2663371562957764,0.05644830785761924,170,-1.215608835220337,0.09801791365765945,40
antonym,payload_zero,target1,9,-0.9439482092857361,0.04543469161252235,170,-0.9407545328140259,0.09084288529391407,40
antonym,payload_zero,target1,10,-0.8536264896392822,0.04266560284601017,170,-0.8577216863632202,0.0875221029806569,40
antonym,payload_zero,target1,11,-0.36457258462905884,0.021092175370175673,170,-0.34499984979629517,0.037625153563805185,40
antonym,payload_zero,target1,12,-0.23463471233844757,0.01632035980371132,170,-0.21896234154701233,0.03673592874570383,40
antonym,payload_zero,target1,13,-0.09616619348526001,0.011151349991559851,170,-0.053121231496334076,0.020837653852175293,40
antonym,payload_zero,target1,14,-0.09006400406360626,0.011729706925639561,170,-0.0663994699716568,0.020173175548933334,40
antonym,payload_zero,target1,15,0.005858574062585831,0.0066540424812648324,170,0.007773641496896744,0.01026166929131811,40
antonym,payload_zero,target1,16,0.011449656449258327,0.005103776112772474,170,0.011874551884829998,0.007619842806695292,40
antonym,payload_zero,target1,17,0.018436770886182785,0.004782158226128241,170,0.019388284534215927,0.007726565594167326,40
antonym,payload_zero,target1,18,0.01791435480117798,0.0041727618843879375,170,0.01696043089032173,0.006758561102822185,40
antonym,payload_zero,target1,19,0.012372125871479511,0.003125577807792127,170,0.01372877974063158,0.005303224929607696,40
antonym,payload_zero,target1,20,0.010078908875584602,0.0024689613489217617,170,0.011739187873899937,0.004251617868321869,40
antonym,payload_zero,target1,21,0.007882816717028618,0.001884454933808159,170,0.010055722668766975,0.00318924911503547,40
antonym,payload_zero,target1,22,0.007099183741956949,0.0017218844040290217,170,0.008011575788259506,0.003000091489999595,40
antonym,payload_zero,target1,23,0.005711750593036413,0.0012609957578092646,170,0.005841317120939493,0.002337674462648061,40
antonym,payload_zero,target1,24,0.006487508304417133,0.0010864049826258453,170,0.007089040242135525,0.0023203540316733837,40
antonym,payload_zero,target1,25,0.005996173247694969,0.0009434692632123801,170,0.004478799644857645,0.0020695127477048034,40
antonym,payload_zero,target1,26,0.00012519798474386334,0.00021252186663835737,170,0.001009807689115405,0.000489472144151406,40
antonym,payload_zero,target1,27,0.0,0.0,170,0.0,0.0,40
antonym,payload_zero,final_cue,0,-0.3286161422729492,0.020394000271045876,170,-0.29819566011428833,0.035303120824805696,40
antonym,payload_zero,final_cue,1,-0.35230982303619385,0.021116349290693982,170,-0.3240280747413635,0.03643460019164756,40
antonym,payload_zero,final_cue,2,-0.33545729517936707,0.02054535241940445,170,-0.3135753870010376,0.03579727335960007,40
antonym,payload_zero,final_cue,3,-0.3735557496547699,0.021539024896624865,170,-0.3446230888366699,0.03664633878630003,40
antonym,payload_zero,final_cue,4,-0.3387306332588196,0.020262986581913084,170,-0.31097036600112915,0.0354167357366366,40
antonym,payload_zero,final_cue,5,-0.30342358350753784,0.019319700820266194,170,-0.27776041626930237,0.033984090385290044,40
antonym,payload_zero,final_cue,6,-0.32637229561805725,0.020347794162566525,170,-0.3151784837245941,0.03837826761386558,40
antonym,payload_zero,final_cue,7,-0.33347609639167786,0.020973253212769608,170,-0.3220711946487427,0.03955098074479754,40
antonym,payload_zero,final_cue,8,-0.296895295381546,0.019804132381621025,170,-0.2764805257320404,0.03535350560539347,40
antonym,payload_zero,final_cue,9,-0.23874089121818542,0.01794869483822322,170,-0.21964235603809357,0.03340980991020997,40
antonym,payload_zero,final_cue,10,-0.2632201611995697,0.0166730485268557,170,-0.2337992638349533,0.03138318489507656,40
antonym,payload_zero,final_cue,11,-0.4299393594264984,0.0199781658663358,170,-0.42398396134376526,0.04367778760695355,40
antonym,payload_zero,final_cue,12,-0.43583226203918457,0.018888754286631497,170,-0.426022469997406,0.04151544293313516,40
antonym,payload_zero,final_cue,13,-0.369160532951355,0.01702401837819318,170,-0.3543672561645508,0.03541765696409556,40
antonym,payload_zero,final_cue,14,-0.28406670689582825,0.01426642456688964,170,-0.26846370100975037,0.02770871485175178,40
antonym,payload_zero,final_cue,15,-0.2238551378250122,0.012219383103165843,170,-0.2205197811126709,0.02441153104035885,40
antonym,payload_zero,final_cue,16,-0.10447477549314499,0.009387609801879247,170,-0.09990297257900238,0.0176781888337357,40
antonym,payload_zero,final_cue,17,-0.09851065278053284,0.008734349943073285,170,-0.09931722283363342,0.016194417714497422,40
antonym,payload_zero,final_cue,18,-0.06771601736545563,0.007755895309965084,170,-0.06528427451848984,0.01411669049227687,40
antonym,payload_zero,final_cue,19,-0.05157189071178436,0.007460705934502099,170,-0.054520659148693085,0.013303443378734991,40
antonym,payload_zero,final_cue,20,-0.045986201614141464,0.006800836876454582,170,-0.05113237351179123,0.012051357431304015,40
antonym,payload_zero,final_cue,21,-0.039079856127500534,0.006440470373523799,170,-0.03821848705410957,0.010936238687160371,40
antonym,payload_zero,final_cue,22,-0.03499967232346535,0.006137830648786095,170,-0.037408895790576935,0.010406654236402973,40
antonym,payload_zero,final_cue,23,-0.031271833926439285,0.005996372870552673,170,-0.02978035807609558,0.009881196460567227,40
antonym,payload_zero,final_cue,24,-0.032278526574373245,0.005902860072776125,170,-0.028261572122573853,0.009943448818420407,40
antonym,payload_zero,final_cue,25,-0.021590158343315125,0.005788204237481201,170,-0.016189973801374435,0.010949946363263232,40
antonym,payload_zero,final_cue,26,-0.005197636317461729,0.005599045480872535,170,0.0010277263354510069,0.011182859052988993,40
antonym,payload_zero,final_cue,27,-0.004076311364769936,0.005612799883928409,170,-0.0006821081042289734,0.011310906135663497,40
antonym,payload_mean,cue1,0,-0.02381112240254879,0.0033572840702392934,170,-0.029750525951385498,0.005992331341873927,40
antonym,payload_mean,cue1,1,-0.02388898655772209,0.0033606860992626895,170,-0.030154377222061157,0.006141854097920308,40
antonym,payload_mean,cue1,2,-0.024044925346970558,0.003316998583698536,170,-0.029678190127015114,0.005978717319969258,40
antonym,payload_mean,cue1,3,-0.023615272715687752,0.0033152762832909578,170,-0.030450522899627686,0.006042844528846649,40
antonym,payload_mean,cue1,4,-0.02443813905119896,0.003338091906507072,170,-0.030882691964507103,0.006043973091385884,40
antonym,payload_mean,cue1,5,-0.022218769416213036,0.0032080753687383236,170,-0.02840142324566841,0.005977052160105783,40
antonym,payload_mean,cue1,6,-0.021061057224869728,0.003147974570291999,170,-0.027301395311951637,0.006159518811151865,40
antonym,payload_mean,cue1,7,-0.022328397259116173,0.0030844508855014828,170,-0.028476303443312645,0.006410076776445409,40
antonym,payload_mean,cue1,8,-0.01990453153848648,0.0024672387627974602,170,-0.020106185227632523,0.004959002163758773,40
antonym,payload_mean,cue1,9,-0.011573835276067257,0.001826114578951962,170,-0.011222071945667267,0.003804142527005038,40
antonym,payload_mean,cue1,10,-0.005802979692816734,0.0007926635480869649,170,-0.003432577010244131,0.0011702539719542473,40
antonym,payload_mean,cue1,11,-0.001015778281725943,0.0005131268775889359,170,0.00032072438625618815,0.0009625617246053253,40
antonym,payload_mean,cue1,12,-0.00017950411711353809,0.0004339438092050584,170,0.0008996002143248916,0.0009019994127154538,40
antonym,payload_mean,cue1,13,0.00015227356925606728,0.0003749613060134217,170,0.001676043146289885,0.0008305026786764549,40
antonym,payload_mean,cue1,14,-0.00045070875785313547,0.0003368124805580937,170,0.0002998076379299164,0.000762774053564451,40
antonym,payload_mean,cue1,15,-0.0005246325163170695,0.00030173971705955673,170,0.0002782754600048065,0.0006336547333991535,40
antonym,payload_mean,cue1,16,-0.0002481089031789452,0.000270594165636287,170,0.0004537045897450298,0.0006214389716186122,40
antonym,payload_mean,cue1,17,-0.000327184796333313,0.00025970619774883587,170,0.0008152939262799919,0.0006099519013471269,40
antonym,payload_mean,cue1,18,-2.3997881726245396e-06,0.0002613739441195739,170,0.0005200393497943878,0.0006009634912147829,40
antonym,payload_mean,cue1,19,-0.00017295988800469786,0.0002449994651398752,170,0.0005343250813893974,0.0005041064225217699,40
antonym,payload_mean,cue1,20,-4.2075796955032274e-05,0.00021794648434543708,170,-0.0002464063582010567,0.00046603790527155654,40
antonym,payload_mean,cue1,21,2.421228236926254e-05,0.00020513946437187964,170,0.0003421418368816376,0.0004219810045867863,40
antonym,payload_mean,cue1,22,-3.8057740312069654e-05,0.00021083778084251019,170,0.0002588801144156605,0.0004978369660513614,40
antonym,payload_mean,cue1,23,0.00021054482203908265,0.0001913892934949687,170,0.0006111360853537917,0.0004236570245086209,40
antonym,payload_mean,cue1,24,-7.852368435123935e-05,0.00017550010436966144,170,0.00037592873559333384,0.0003409378374845414,40
antonym,payload_mean,cue1,25,-0.00010872465645661578,0.00015210577978795774,170,0.0005075253429822624,0.00031920413648878947,40
antonym,payload_mean,cue1,26,-0.0002808102872222662,0.00015018245980829832,170,-3.607347753131762e-05,0.00033358266968822205,40
antonym,payload_mean,cue1,27,0.0,0.0,170,0.0,0.0,40
antonym,payload_mean,target1,0,-1.8340950012207031,0.08665555070456059,170,-1.7258104085922241,0.17946306313268365,40
antonym,payload_mean,target1,1,-1.8336139917373657,0.08642183899643313,170,-1.7218945026397705,0.1799002008764823,40
antonym,payload_mean,target1,2,-1.8323978185653687,0.08655150410263232,170,-1.7160720825195312,0.179224853974089,40
antonym,payload_mean,target1,3,-1.8220584392547607,0.08674050685791011,170,-1.6930431127548218,0.17659756038274935,40
antonym,payload_mean,target1,4,-1.7936792373657227,0.08546486626087706,170,-1.680250883102417,0.1739779570380236,40
antonym,payload_mean,target1,5,-1.7743985652923584,0.08617041742293353,170,-1.6757179498672485,0.17899917916352928,40
antonym,payload_mean,target1,6,-1.7342387437820435,0.0845003231750225,170,-1.6593204736709595,0.1762610178501724,40
antonym,payload_mean,target1,7,-1.720219373703003,0.08333800925908794,170,-1.6457771062850952,0.16875000298883808,40
antonym,payload_mean,target1,8,-1.004645824432373,0.04762065769001149,170,-0.9698163866996765,0.08857137870032983,40
antonym,payload_mean,target1,9,-0.7650628685951233,0.03846452929151823,170,-0.7641674280166626,0.08133512051764992,40
antonym,payload_mean,target1,10,-0.7030835747718811,0.0367013165349087,170,-0.7083624005317688,0.07925553081382755,40
antonym,payload_mean,target1,11,-0.29984065890312195,0.01746515928451241,170,-0.27890491485595703,0.03133242785377647,40
antonym,payload_mean,target1,12,-0.2087465226650238,0.013729215412421369,170,-0.19533011317253113,0.03195570302197428,40
antonym,payload_mean,target1,13,-0.08601097762584686,0.008953943816472932,170,-0.046536460518836975,0.017092325867125606,40
antonym,payload_mean,target1,14,-0.07945547997951508,0.009103244518758777,170,-0.05723113939166069,0.01639217297163348,40
antonym,payload_mean,target1,15,0.002643482992425561,0.004808875311199942,170,0.006077305413782597,0.007677749963164371,40
antonym,payload_mean,target1,16,0.006511161103844643,0.003698822698259962,170,0.008473699912428856,0.005719189756373276,40
antonym,payload_mean,target1,17,0.01324596256017685,0.0034905020638917364,170,0.015027111396193504,0.005775905325150877,40
antonym,payload_mean,target1,18,0.012423045933246613,0.003047455998462065,170,0.012377206236124039,0.005154507953077846,40
antonym,payload_mean,target1,19,0.007584696635603905,0.0021779457233515936,170,0.009163012728095055,0.0038636912825330155,40
antonym,payload_mean,target1,20,0.006311255507171154,0.0018140307615767636,170,0.0080031119287014,0.0032218451936576044,40
antonym,payload_mean,target1,21,0.00546958576887846,0.0014263358826449475,170,0.007809875067323446,0.0024194444437577473,40
antonym,payload_mean,target1,22,0.0046209488064050674,0.0012757237405995147,170,0.0059410566464066505,0.0022173229277684986,40
antonym,payload_mean,target1,23,0.0036402554251253605,0.0008955975690950119,170,0.0037652768660336733,0.0016012324796713941,40
antonym,payload_mean,target1,24,0.004143259953707457,0.0008346936923688928,170,0.0048242053017020226,0.0017901182719244628,40
antonym,payload_mean,target1,25,0.00416368804872036,0.0007454779312512319,170,0.003019327763468027,0.0015886845841738323,40
antonym,payload_mean,target1,26,0.00019078078912571073,0.00019829315596464113,170,0.0011670440435409546,0.0004128630468430263,40
antonym,payload_mean,target1,27,0.0,0.0,170,0.0,0.0,40
antonym,payload_mean,final_cue,0,-0.1457817554473877,0.011343097913114348,170,-0.14089401066303253,0.024779678036195307,40
antonym,payload_mean,final_cue,1,-0.14512301981449127,0.011338727590115954,170,-0.14020302891731262,0.02480542763951744,40
antonym,payload_mean,final_cue,2,-0.14575764536857605,0.011333948120769908,170,-0.1411852091550827,0.02482320426657074,40
antonym,payload_mean,final_cue,3,-0.14666378498077393,0.011333378973057253,170,-0.14168532192707062,0.024716963886572418,40
antonym,payload_mean,final_cue,4,-0.1459915190935135,0.011346951660277157,170,-0.14100836217403412,0.024786173750017168,40
antonym,payload_mean,final_cue,5,-0.14333808422088623,0.011270035575519088,170,-0.13933099806308746,0.02419750469158196,40
antonym,payload_mean,final_cue,6,-0.14278481900691986,0.011320285147065465,170,-0.14169390499591827,0.02490755194695617,40
antonym,payload_mean,final_cue,7,-0.1485271006822586,0.011354928871189496,170,-0.14512380957603455,0.02439838411140492,40
antonym,payload_mean,final_cue,8,-0.1463211327791214,0.011234290127710317,170,-0.14075563848018646,0.024062246824666685,40
antonym,payload_mean,final_cue,9,-0.11560826003551483,0.01050732164008117,170,-0.10974248498678207,0.023369686398449475,40
antonym,payload_mean,final_cue,10,-0.1349726915359497,0.010093072391751527,170,-0.12869808077812195,0.02243806155643147,40
antonym,payload_mean,final_cue,11,-0.19756272435188293,0.011694815199399775,170,-0.199636772274971,0.027756948530881682,40
antonym,payload_mean,final_cue,12,-0.19512975215911865,0.011195878371440445,170,-0.19775912165641785,0.026159780437254837,40
antonym,payload_mean,final_cue,13,-0.17407327890396118,0.01021422771106629,170,-0.17249740660190582,0.02298599633983361,40
antonym,payload_mean,final_cue,14,-0.13097332417964935,0.00880334424596332,170,-0.12586751580238342,0.01830392964013249,40
antonym,payload_mean,final_cue,15,-0.11417721211910248,0.008222204430999434,170,-0.11208653450012207,0.01748883771559224,40
antonym,payload_mean,final_cue,16,-0.05459367111325264,0.006703868620627396,170,-0.05364818498492241,0.01223314788725874,40
antonym,payload_mean,final_cue,17,-0.05053574591875076,0.006357509094335814,170,-0.05051262304186821,0.011315709005676505,40
antonym,payload_mean,final_cue,18,-0.03553519397974014,0.005874504973730196,170,-0.03243985027074814,0.010640496399869293,40
antonym,payload_mean,final_cue,19,-0.026275569573044777,0.005654597954801901,170,-0.02588617242872715,0.010014891068098821,40
antonym,payload_mean,final_cue,20,-0.024198515340685844,0.0053990403460169424,170,-0.02495715394616127,0.009423858271944432,40
antonym,payload_mean,final_cue,21,-0.020232021808624268,0.0052479916288184275,170,-0.01810404285788536,0.008974172043628112,40
antonym,payload_mean,final_cue,22,-0.019107310101389885,0.005122963133603677,170,-0.016180753707885742,0.009124369816725623,40
antonym,payload_mean,final_cue,23,-0.015987012535333633,0.005000518089000294,170,-0.011514670215547085,0.00903105371607798,40
antonym,payload_mean,final_cue,24,-0.01636597327888012,0.005032953222853823,170,-0.01040632463991642,0.009348381823502332,40
antonym,payload_mean,final_cue,25,-0.011790672317147255,0.00502479029607139,170,-0.006648952607065439,0.009954985366381505,40
antonym,payload_mean,final_cue,26,-0.00516410730779171,0.005014133633728682,170,0.00010860040492843837,0.010166114914235658,40
antonym,payload_mean,final_cue,27,-0.004640667699277401,0.005063214623877084,170,-0.00048749445704743266,0.01032241022355768,40
antonym,payload_cf_zero,cue1,0,-0.058316342532634735,0.009935672191795803,170,-0.04513261467218399,0.019190466170431617,40
antonym,payload_cf_zero,cue1,1,-0.05866554379463196,0.010308647945155788,170,-0.047992460429668427,0.019909127255959155,40
antonym,payload_cf_zero,cue1,2,-0.05615321919322014,0.010367552447681986,170,-0.04863804578781128,0.019886683233519165,40
antonym,payload_cf_zero,cue1,3,-0.02577427215874195,0.009950607176352027,170,-0.025327840819954872,0.0187510630552729,40
antonym,payload_cf_zero,cue1,4,-0.0013801648747175932,0.009639127947631302,170,0.003465275513008237,0.01816814401119469,40
antonym,payload_cf_zero,cue1,5,-8.847993740346283e-05,0.009427619286065373,170,0.0032244338653981686,0.019408456624578574,40
antonym,payload_cf_zero,cue1,6,0.001238008146174252,0.007894169632468374,170,0.003918549977242947,0.015523232828232638,40
antonym,payload_cf_zero,cue1,7,0.02121262066066265,0.006797606563181842,170,0.0173872672021389,0.010583698368275675,40
antonym,payload_cf_zero,cue1,8,-0.00655771978199482,0.005157736001686603,170,-0.0024330206215381622,0.008032558598509713,40
antonym,payload_cf_zero,cue1,9,-0.004765905439853668,0.004477838201341272,170,0.0032572888303548098,0.006458336372460347,40
antonym,payload_cf_zero,cue1,10,-0.002459913957864046,0.0026620015672153886,170,0.0018287443090230227,0.004528906449938118,40
antonym,payload_cf_zero,cue1,11,-0.0029197591356933117,0.001724942572976021,170,-0.0001948341669049114,0.0028951113185360835,40
antonym,payload_cf_zero,cue1,12,-5.784858512924984e-05,0.0011872244141653313,170,0.002168749924749136,0.0019345097792440448,40
antonym,payload_cf_zero,cue1,13,-0.000266934308456257,0.0009770942643597643,170,0.003248571651056409,0.0018389384678333038,40
antonym,payload_cf_zero,cue1,14,0.0021458466071635485,0.0006997405410563268,170,0.003046206431463361,0.001459340479207368,40
antonym,payload_cf_zero,cue1,15,0.00033884242293424904,0.0005439307832404137,170,0.0006478630239143968,0.0010318360121250906,40
antonym,payload_cf_zero,cue1,16,-0.0004572193429339677,0.0004885365249465326,170,-0.00026640668511390686,0.001147065207207084,40
antonym,payload_cf_zero,cue1,17,0.0011298321187496185,0.0004603838204844156,170,0.0018157146405428648,0.0010657065830198082,40
antonym,payload_cf_zero,cue1,18,0.0011504220310598612,0.0004004452377076996,170,0.0009083918994292617,0.0007761226482800571,40
antonym,payload_cf_zero,cue1,19,0.0015419073170050979,0.0003335186310290273,170,0.002200235379859805,0.0006997243833588838,40
antonym,payload_cf_zero,cue1,20,0.00025978684425354004,0.00027481889810690365,170,0.0006463274476118386,0.0005314902621513712,40
antonym,payload_cf_zero,cue1,21,0.0002599749423097819,0.0002705820405328453,170,0.0004167221486568451,0.0005308436653207629,40
antonym,payload_cf_zero,cue1,22,0.0002462171541992575,0.0002784536612586587,170,0.0004998974618501961,0.0005022207482529576,40
antonym,payload_cf_zero,cue1,23,0.0002480140537954867,0.0002474375395110082,170,0.0002061359555227682,0.0004961955878750063,40
antonym,payload_cf_zero,cue1,24,-0.0001507220877101645,0.0001995549167289768,170,-0.0002466239093337208,0.00044052232700363483,40
antonym,payload_cf_zero,cue1,25,-0.00011562652798602358,0.00020289987383690944,170,0.0005375705659389496,0.0004935534645242459,40
antonym,payload_cf_zero,cue1,26,-7.604939310112968e-05,0.00017423959361598986,170,0.0004778347793035209,0.00037972389167539384,40
antonym,payload_cf_zero,cue1,27,0.0,0.0,170,0.0,0.0,40
antonym,payload_cf_zero,target1,0,0.011309321038424969,0.021564819402397285,170,-0.01723610796034336,0.03911764335877716,40
antonym,payload_cf_zero,target1,1,0.0029124380089342594,0.021765568543600147,170,-0.02801988646388054,0.04000840905349785,40
antonym,payload_cf_zero,target1,2,-0.0013750854413956404,0.02141040894223335,170,-0.031284838914871216,0.038715813836717516,40
antonym,payload_cf_zero,target1,3,-0.001941218739375472,0.021619478154416415,170,-0.03098387084901333,0.04004858022530152,40
antonym,payload_cf_zero,target1,4,0.012360185384750366,0.020495086847721573,170,-0.02001061476767063,0.03806198501714433,40
antonym,payload_cf_zero,target1,5,0.019428357481956482,0.020283421041957874,170,-0.01496854703873396,0.0377660565994971,40
antonym,payload_cf_zero,target1,6,0.022890349850058556,0.019768010930604495,170,-0.01585857942700386,0.036673765918908044,40
antonym,payload_cf_zero,target1,7,-0.01571446657180786,0.01788853775358242,170,-0.042135100811719894,0.030900932922674,40
antonym,payload_cf_zero,target1,8,-0.0134487459436059,0.012691885419892739,170,-0.03769029304385185,0.021555209935968177,40
antonym,payload_cf_zero,target1,9,-0.0053494879975914955,0.010409133373845829,170,-0.019368816167116165,0.016867217693915956,40
antonym,payload_cf_zero,target1,10,-0.0005864641279913485,0.009533059042736072,170,-0.018337780609726906,0.015408152434357052,40
antonym,payload_cf_zero,target1,11,-0.030511489138007164,0.00778846415924508,170,-0.04814956709742546,0.013164894067420317,40
antonym,payload_cf_zero,target1,12,-0.015312929637730122,0.005773970973197208,170,-0.024409625679254532,0.01054757965485923,40
antonym,payload_cf_zero,target1,13,-0.0022678710520267487,0.004816692520747277,170,-0.004472344182431698,0.008656374487172566,40
antonym,payload_cf_zero,target1,14,0.0012468155473470688,0.004771352419656011,170,-0.008445624262094498,0.008452465147881014,40
antonym,payload_cf_zero,target1,15,-0.00032618327531963587,0.0023551313778153084,170,-0.0007098510977812111,0.004130947968070462,40
antonym,payload_cf_zero,target1,16,0.00025560101494193077,0.0015242485751007417,170,-0.001044949167408049,0.0029365512396662278,40
antonym,payload_cf_zero,target1,17,0.0006596107850782573,0.0014442831786140938,170,-0.0007172055775299668,0.0028715384390468014,40
antonym,payload_cf_zero,target1,18,0.0009099281742237508,0.0011863391208984302,170,0.0003387816250324249,0.002555791261609563,40
antonym,payload_cf_zero,target1,19,-0.000869165116455406,0.0008069278840646078,170,-0.0021877363324165344,0.0017938595804362517,40
antonym,payload_cf_zero,target1,20,-0.0004902270156890154,0.0007535997148255207,170,-0.0008856512722559273,0.0016584634410491154,40
antonym,payload_cf_zero,target1,21,-0.000767650140915066,0.0006544991550929341,170,-0.0018590219551697373,0.0015610269974460527,40
antonym,payload_cf_zero,target1,22,0.00018214881129097193,0.0005313501401981236,170,-0.00010878220200538635,0.0013271783547584733,40
antonym,payload_cf_zero,target1,23,0.00013580164522863925,0.00045312818715657216,170,-0.00010297670814907178,0.0010052071490271514,40
antonym,payload_cf_zero,target1,24,-0.00014221896708477288,0.0004327864421884697,170,0.0006088443333283067,0.0010190788672318797,40
antonym,payload_cf_zero,target1,25,-0.0003144748043268919,0.0003021607206512233,170,-0.00047025829553604126,0.0006899350899397097,40
antonym,payload_cf_zero,target1,26,-0.0002544191083870828,0.0001815864241504265,170,0.0002535126986913383,0.0004321254771349577,40
antonym,payload_cf_zero,target1,27,0.0,0.0,170,0.0,0.0,40
antonym,payload_cf_zero,final_cue,0,0.08183904737234116,0.02555524430266019,170,0.11928392946720123,0.05474094717032965,40
antonym,payload_cf_zero,final_cue,1,0.07669314742088318,0.025509657628036784,170,0.1117103323340416,0.05443452005816293,40
antonym,payload_cf_zero,final_cue,2,0.07271618396043777,0.02589435805285088,170,0.10736576467752457,0.05592569280415906,40
antonym,payload_cf_zero,final_cue,3,0.043885499238967896,0.025116074841731183,170,0.07247045636177063,0.054326663406970635,40
antonym,payload_cf_zero,final_cue,4,0.05200966075062752,0.024628552968297992,170,0.06628154963254929,0.05356555046375637,40
antonym,payload_cf_zero,final_cue,5,0.058872025460004807,0.022802640248210986,170,0.0772681012749672,0.049341201870651843,40
antonym,payload_cf_zero,final_cue,6,0.00023426167899742723,0.022583516093104317,170,0.017424538731575012,0.05280726952925226,40
antonym,payload_cf_zero,final_cue,7,-0.10546766966581345,0.026259574882875066,170,-0.09753980487585068,0.05796381549192601,40
antonym,payload_cf_zero,final_cue,8,-0.14153952896595,0.02211566753036525,170,-0.11538121849298477,0.04517817733970017,40
antonym,payload_cf_zero,final_cue,9,0.016095316037535667,0.02012284367203993,170,0.017553960904479027,0.047017423276033206,40
antonym,payload_cf_zero,final_cue,10,-0.033000361174345016,0.018516017392452126,170,-0.010941890999674797,0.04046132782420212,40
antonym,payload_cf_zero,final_cue,11,0.03674584999680519,0.018973456723530794,170,0.05904563143849373,0.04433142558400966,40
antonym,payload_cf_zero,final_cue,12,0.007287036627531052,0.0162150686197367,170,0.024930357933044434,0.03641517430827388,40
antonym,payload_cf_zero,final_cue,13,-0.010307385586202145,0.012845871876439414,170,-0.007984684780240059,0.029735502436436766,40
antonym,payload_cf_zero,final_cue,14,0.019261356443166733,0.013467072604599607,170,0.032740071415901184,0.02817755365810869,40
antonym,payload_cf_zero,final_cue,15,0.04050692543387413,0.012287902544861883,170,0.03403683751821518,0.02523614506406887,40
antonym,payload_cf_zero,final_cue,16,-0.018419399857521057,0.009813482577942978,170,-0.008836527355015278,0.019205533304958566,40
antonym,payload_cf_zero,final_cue,17,-0.027599889785051346,0.008530710491498318,170,-0.025392670184373856,0.015397833979992582,40
antonym,payload_cf_zero,final_cue,18,-0.027965789660811424,0.007328980810728487,170,-0.030871253460645676,0.014036890047174786,40
antonym,payload_cf_zero,final_cue,19,-0.01908424310386181,0.006949614717136934,170,-0.02783781848847866,0.013386554116880134,40
antonym,payload_cf_zero,final_cue,20,-0.02075321599841118,0.005777455574353616,170,-0.02756388857960701,0.010877780796884305,40
antonym,payload_cf_zero,final_cue,21,-0.022728553041815758,0.004972969282547295,170,-0.02841746248304844,0.009599567095217735,40
antonym,payload_cf_zero,final_cue,22,-0.018650559708476067,0.004731816653796986,170,-0.02602263167500496,0.009545725355578407,40
antonym,payload_cf_zero,final_cue,23,-0.01668834686279297,0.004589432010513434,170,-0.022884787991642952,0.00972400701871151,40
antonym,payload_cf_zero,final_cue,24,-0.012383166700601578,0.00444041359635013,170,-0.013663992285728455,0.010050737654222403,40
antonym,payload_cf_zero,final_cue,25,-0.011078782379627228,0.0037858994411292266,170,-0.003981898073107004,0.00910850220386317,40
antonym,payload_cf_zero,final_cue,26,-0.0027877259999513626,0.003552385448974239,170,0.005684446543455124,0.007809305249640381,40
antonym,payload_cf_zero,final_cue,27,-0.0007293482194654644,0.003642425645696755,170,0.005763699766248465,0.008545258198667048,40
antonym,payload_cf_mean,cue1,0,0.004223627038300037,0.00202719515155376,170,0.003844467457383871,0.0038047736620576427,40
antonym,payload_cf_mean,cue1,1,0.004895083140581846,0.0020345196426118997,170,0.004803078714758158,0.003927067490764516,40
antonym,payload_cf_mean,cue1,2,0.0037163449451327324,0.001995576310378474,170,0.004308159463107586,0.0038751597986708963,40
antonym,payload_cf_mean,cue1,3,0.004302040208131075,0.002075517135226925,170,0.003204774111509323,0.0037493303767271963,40
antonym,payload_cf_mean,cue1,4,0.003520117374137044,0.0018946533065268203,170,0.003778396639972925,0.0036079599535744924,40
antonym,payload_cf_mean,cue1,5,0.0044102598913013935,0.001839335834602305,170,0.005308701656758785,0.0034398871870645743,40
antonym,payload_cf_mean,cue1,6,0.00469439709559083,0.0015190133875811578,170,0.005029942840337753,0.0029453553233165144,40
antonym,payload_cf_mean,cue1,7,0.002348665613681078,0.0013884889883368837,170,0.003098711371421814,0.0026372780712992402,40
antonym,payload_cf_mean,cue1,8,0.000577859696932137,0.0012508109566349561,170,0.0016642629634588957,0.002059077814612707,40
antonym,payload_cf_mean,cue1,9,-0.0002637503785081208,0.0011839646006409188,170,0.0020501739345490932,0.0017396174543741433,40
antonym,payload_cf_mean,cue1,10,-0.0008887015865184367,0.0007403213872597146,170,0.0005835645133629441,0.0011163979485771436,40
antonym,payload_cf_mean,cue1,11,-0.0007818330777809024,0.000508003191020589,170,0.0006058409926481545,0.0008386204802659239,40
antonym,payload_cf_mean,cue1,12,0.00033605063799768686,0.00036095404365749713,170,0.001030896557494998,0.0006434438059357846,40
antonym,payload_cf_mean,cue1,13,-0.00017619063146412373,0.0003415165206892093,170,0.00028607845888473094,0.0007590046929697127,40
antonym,payload_cf_mean,cue1,14,4.935913239023648e-05,0.0003028791910663537,170,0.00038745030178688467,0.0006228089587772467,40
antonym,payload_cf_mean,cue1,15,2.6245326807838865e-05,0.0002699457315329363,170,0.00010900795314228162,0.0004897718449483761,40
antonym,payload_cf_mean,cue1,16,9.89691325230524e-05,0.00027398358740927096,170,0.000825262803118676,0.0005389231806027944,40
antonym,payload_cf_mean,cue1,17,0.00012017873814329505,0.0002632842639883267,170,0.00015022605657577515,0.0005252295673551648,40
antonym,payload_cf_mean,cue1,18,0.0005891496548429132,0.0002844025870101447,170,0.0008034043130464852,0.0005976639109750544,40
antonym,payload_cf_mean,cue1,19,0.0002799207577481866,0.0002314146528165286,170,0.000897873193025589,0.0003856941627414323,40
antonym,payload_cf_mean,cue1,20,0.0002706231316551566,0.00018838241069978767,170,0.0008042909321375191,0.00043139825817618767,40
antonym,payload_cf_mean,cue1,21,-0.00015380627883132547,0.00020578438058807574,170,0.0004234582302160561,0.0003665361362647825,40
antonym,payload_cf_mean,cue1,22,-0.00020485345157794654,0.00019111466615206741,170,0.00023315995349548757,0.0003755679130030509,40
antonym,payload_cf_mean,cue1,23,-0.00020092497288715094,0.00019052882186839734,170,-0.00014482811093330383,0.0004680741846208754,40
antonym,payload_cf_mean,cue1,24,4.937122866977006e-05,0.00013488062390810566,170,0.00025527775869704783,0.0003294872128326361,40
antonym,payload_cf_mean,cue1,25,8.945622539613396e-05,0.00017219961192678013,170,0.0007233433425426483,0.00043055721108030534,40
antonym,payload_cf_mean,cue1,26,-0.0001113339385483414,0.00012276973487338174,170,-5.397126005846076e-05,0.00032958186100227253,40
antonym,payload_cf_mean,cue1,27,0.0,0.0,170,0.0,0.0,40
antonym,payload_cf_mean,target1,0,0.008970673196017742,0.008623403853712667,170,-0.014359122142195702,0.012042548046472699,40
antonym,payload_cf_mean,target1,1,0.012178800068795681,0.008306803438444922,170,-0.011902589350938797,0.012092582949112508,40
antonym,payload_cf_mean,target1,2,0.010187887586653233,0.008361440475993086,170,-0.016466548666357994,0.011858888040674795,40
antonym,payload_cf_mean,target1,3,0.011509832926094532,0.00854028371602657,170,-0.013920831494033337,0.012311853932988224,40
antonym,payload_cf_mean,target1,4,0.013717547990381718,0.00823210337259216,170,-0.0120441485196352,0.012458595336054298,40
antonym,payload_cf_mean,target1,5,0.014815149828791618,0.007847735522043894,170,-0.011424688622355461,0.012258904558822246,40
antonym,payload_cf_mean,target1,6,0.014427193440496922,0.007674160898386611,170,-0.01015544030815363,0.010762946613416547,40
antonym,payload_cf_mean,target1,7,-0.0006895633414387703,0.006804746624095142,170,-0.01729661598801613,0.010101077669281484,40
antonym,payload_cf_mean,target1,8,-0.010297972708940506,0.004882914228555172,170,-0.015841107815504074,0.008124932266974277,40
antonym,payload_cf_mean,target1,9,-0.015472305938601494,0.004199510398299193,170,-0.01843241974711418,0.00843666527233172,40
antonym,payload_cf_mean,target1,10,-0.015288805589079857,0.004072516457745403,170,-0.020037556067109108,0.00781889803122388,40
antonym,payload_cf_mean,target1,11,-0.006813390180468559,0.003059664102611865,170,-0.013069242238998413,0.005273627257878034,40
antonym,payload_cf_mean,target1,12,-0.0008410532609559596,0.0020819301899379886,170,-0.005737132392823696,0.003498013164506162,40
antonym,payload_cf_mean,target1,13,0.004832219332456589,0.0016592085836146647,170,0.0021820166148245335,0.0024277793728868955,40
antonym,payload_cf_mean,target1,14,0.004377619829028845,0.001890616557802788,170,0.000948627304751426,0.00265652695412854,40
antonym,payload_cf_mean,target1,15,0.0011060190154239535,0.001202904405077355,170,0.0005369923892430961,0.0018067505801504652,40
antonym,payload_cf_mean,target1,16,0.001182661042548716,0.0007775831337186212,170,0.001133485115133226,0.0014904079033775447,40
antonym,payload_cf_mean,target1,17,0.0007775543490424752,0.0007070731036118976,170,-1.7493217455921695e-05,0.0013965661022777793,40
antonym,payload_cf_mean,target1,18,0.0007409732206724584,0.0006123172952309758,170,0.0003343649150338024,0.0013904243895446866,40
antonym,payload_cf_mean,target1,19,0.00037704952410422266,0.000442370416808434,170,0.0003715619386639446,0.0008435723723678814,40
antonym,payload_cf_mean,target1,20,0.0009027374326251447,0.0004235152916658423,170,0.0012099109590053558,0.0007655789673493352,40
antonym,payload_cf_mean,target1,21,0.0002539562701713294,0.00038154575504382787,170,0.0003887735365424305,0.0008265303270247834,40
antonym,payload_cf_mean,target1,22,-7.504382665501907e-05,0.0003032816587856013,170,0.00014699176244903356,0.0007705616357522715,40
antonym,payload_cf_mean,target1,23,-0.0005708889220841229,0.00027812330129743407,170,-0.001239576144143939,0.0006233254557900817,40
antonym,payload_cf_mean,target1,24,-0.0001508977438788861,0.0002821507463706664,170,-0.0004347972571849823,0.0005486406135680089,40
antonym,payload_cf_mean,target1,25,-0.00016567690181545913,0.000204519244794947,170,-2.3574382794322446e-05,0.0004594998556289711,40
antonym,payload_cf_mean,target1,26,8.959314436651766e-05,0.0001293200139694202,170,0.0004555925843305886,0.000252027220748336,40
antonym,payload_cf_mean,target1,27,0.0,0.0,170,0.0,0.0,40
antonym,payload_cf_mean,final_cue,0,-0.029385069385170937,0.006349158165949501,170,-0.010256974026560783,0.012962771815155927,40
antonym,payload_cf_mean,final_cue,1,-0.029662659391760826,0.0063630239985274315,170,-0.011083307676017284,0.012906334263872334,40
antonym,payload_cf_mean,final_cue,2,-0.029109716415405273,0.006353780491097776,170,-0.00950500089675188,0.012951593391424399,40
antonym,payload_cf_mean,final_cue,3,-0.02888418734073639,0.006400078028928557,170,-0.009285172447562218,0.013036327469004893,40
antonym,payload_cf_mean,final_cue,4,-0.029316065832972527,0.006288569649056638,170,-0.010523946955800056,0.012966163392974777,40
antonym,payload_cf_mean,final_cue,5,-0.030871009454131126,0.006180942445152958,170,-0.013639627024531364,0.012666281472319532,40
antonym,payload_cf_mean,final_cue,6,-0.03010234795510769,0.00623863665163959,170,-0.013585992157459259,0.013118968169098726,40
antonym,payload_cf_mean,final_cue,7,-0.03149619698524475,0.006318400189261282,170,-0.012980751693248749,0.013137952287386592,40
antonym,payload_cf_mean,final_cue,8,-0.033633120357990265,0.006153302209348528,170,-0.020355474203824997,0.013250635369396475,40
antonym,payload_cf_mean,final_cue,9,-0.026730267331004143,0.005807361543773189,170,-0.010282972827553749,0.012437190345096152,40
antonym,payload_cf_mean,final_cue,10,-0.026097748428583145,0.005670408375398075,170,-0.006977471057325602,0.012342765708593164,40
antonym,payload_cf_mean,final_cue,11,-0.019701151177287102,0.0056570271183827275,170,-0.0030542791355401278,0.013408040392614071,40
antonym,payload_cf_mean,final_cue,12,-0.014582809060811996,0.005256303128296935,170,0.0006536528235301375,0.012995813487494623,40
antonym,payload_cf_mean,final_cue,13,-0.008209560997784138,0.004618955976674061,170,0.0068838088773190975,0.011618911821736869,40
antonym,payload_cf_mean,final_cue,14,-0.004872026853263378,0.004663206354182961,170,0.011396514251828194,0.01072367546434771,40
antonym,payload_cf_mean,final_cue,15,0.0027700455393642187,0.004566776102945601,170,0.013276228681206703,0.010261499653525156,40
antonym,payload_cf_mean,final_cue,16,-0.006005671340972185,0.004180364520676133,170,0.005869935266673565,0.009774357636132651,40
antonym,payload_cf_mean,final_cue,17,-0.007778063416481018,0.003971915599499181,170,0.0013485945528373122,0.009356848987647168,40
antonym,payload_cf_mean,final_cue,18,-0.003559042466804385,0.0037004215690431084,170,0.003857946489006281,0.009084692832797949,40
antonym,payload_cf_mean,final_cue,19,-0.0020052797626703978,0.003680154253281405,170,0.0033986896742135286,0.008928472329030459,40
antonym,payload_cf_mean,final_cue,20,-0.0028431375976651907,0.003613241396720038,170,0.00321735511533916,0.008700667621736977,40
antonym,payload_cf_mean,final_cue,21,-0.0036177821457386017,0.003573613915792859,170,0.002752362284809351,0.008462230512358039,40
antonym,payload_cf_mean,final_cue,22,-0.0023643895983695984,0.003526919517433524,170,0.0022313310764729977,0.008537380054636636,40
antonym,payload_cf_mean,final_cue,23,-0.0015650273999199271,0.0035692538785965016,170,0.004147244151681662,0.008672187910184492,40
antonym,payload_cf_mean,final_cue,24,-0.0008068703464232385,0.0034920695058353285,170,0.004765701945871115,0.00820020668151713,40
antonym,payload_cf_mean,final_cue,25,-0.0009534989949315786,0.0033049201949410783,170,0.006105051841586828,0.007854507831261463,40
antonym,payload_cf_mean,final_cue,26,-0.0016509200213477015,0.0033259629458896045,170,0.006036196835339069,0.007690608861282349,40
antonym,payload_cf_mean,final_cue,27,-0.003137215506285429,0.003426743234238009,170,0.003898337483406067,0.008007879244735486,40
capitalize,payload_zero,cue1,0,-0.13119281828403473,0.007763690233608007,170,-0.11463239043951035,0.01148751910481244,40
capitalize,payload_zero,cue1,1,-0.1457732915878296,0.008112656067848814,170,-0.13004714250564575,0.012764857522588977,40
capitalize,payload_zero,cue1,2,-0.1440863162279129,0.007993360764402222,170,-0.13001474738121033,0.012866880518568026,40
capitalize,payload_zero,cue1,3,-0.16411317884922028,0.008701646235499929,170,-0.14772149920463562,0.014693595640986814,40
capitalize,payload_zero,cue1,4,-0.1346398890018463,0.007542745491540971,170,-0.1257270872592926,0.01151134143432018,40
capitalize,payload_zero,cue1,5,-0.12374339252710342,0.0073585633488173745,170,-0.10899343341588974,0.010420149865264643,40
capitalize,payload_zero,cue1,6,-0.11627816408872604,0.0062724723688703495,170,-0.09574300795793533,0.008311107977680884,40
capitalize,payload_zero,cue1,7,-0.07685601711273193,0.005029425192755486,170,-0.06336800009012222,0.008183982711485453,40
capitalize,payload_zero,cue1,8,-0.048992566764354706,0.0038332141304946747,170,-0.036685049533843994,0.006019104073134813,40
capitalize,payload_zero,cue1,9,-0.054081108421087265,0.0037858674408562257,170,-0.04430975392460823,0.006466869506857998,40
capitalize,payload_zero,cue1,10,-0.047560736536979675,0.0024010507695629056,170,-0.041964031755924225,0.0038377199131378013,40
capitalize,payload_zero,cue1,11,-0.013261744752526283,0.0012520551101062234,170,-0.010461433790624142,0.002303254925006701,40
capitalize,payload_zero,cue1,12,-0.0019715314265340567,0.0008467722954138927,170,-0.0010164134437218308,0.0013073274933722329,40
capitalize,payload_zero,cue1,13,-0.0007502437802031636,0.0007768546275035876,170,-0.00016623288684058934,0.001138249637664566,40
capitalize,payload_zero,cue1,14,0.004554244689643383,0.0005487223241180158,170,0.005098754074424505,0.0011822275728402465,40
capitalize,payload_zero,cue1,15,0.004851462785154581,0.0005145946758253045,170,0.005352335516363382,0.0011266778957516323,40
capitalize,payload_zero,cue1,16,0.004809800535440445,0.0004920576264143312,170,0.005335596390068531,0.0010200637088631957,40
capitalize,payload_zero,cue1,17,0.006060856860131025,0.0004735640043557953,170,0.004774113651365042,0.000965714307512748,40
capitalize,payload_zero,cue1,18,0.005055801011621952,0.00044730120887401606,170,0.00456536328420043,0.0008409694188547301,40
capitalize,payload_zero,cue1,19,0.006012167781591415,0.00042940205617273254,170,0.004874544683843851,0.0009285863081302403,40
capitalize,payload_zero,cue1,20,0.001535189338028431,0.0003176784244644573,170,0.0005898348754271865,0.0005729179979278982,40
capitalize,payload_zero,cue1,21,0.002836234401911497,0.00029808582874464107,170,0.0020059854723513126,0.0005065891791178217,40
capitalize,payload_zero,cue1,22,0.002902553416788578,0.00032523684608973453,170,0.0026030256412923336,0.0006170592757440597,40
capitalize,payload_zero,cue1,23,0.002847064984962344,0.00028755273888472603,170,0.0024855874944478273,0.0006222484325108584,40
capitalize,payload_zero,cue1,24,0.0012827034806832671,0.00024751545088997164,170,0.001377084874548018,0.0005594000599293955,40
capitalize,payload_zero,cue1,25,0.00073858886025846,0.00022831635852721196,170,0.000631598406471312,0.0005293755326855625,40
capitalize,payload_zero,cue1,26,0.0005480668041855097,0.0002328950761606046,170,0.00042728037806227803,0.0005019132061257143,40
capitalize,payload_zero,cue1,27,0.0,0.0,170,0.0,0.0,40
capitalize,payload_zero,target1,0,-3.525148391723633,0.11405267586353518,170,-3.3601813316345215,0.23518508220559692,40
capitalize,payload_zero,target1,1,-3.815128803253174,0.13031173114424524,170,-3.750216007232666,0.2874068893019169,40
capitalize,payload_zero,target1,2,-3.59199857711792,0.11750294529847996,170,-3.4486122131347656,0.24584076707813673,40
capitalize,payload_zero,target1,3,-3.9021146297454834,0.1268347734816178,170,-3.7824759483337402,0.2664993894445733,40
capitalize,payload_zero,target1,4,-3.4816462993621826,0.10846378246927214,170,-3.2897510528564453,0.21800674879940346,40
capitalize,payload_zero,target1,5,-3.441546678543091,0.10611552015005817,170,-3.2733147144317627,0.21800659801025415,40
capitalize,payload_zero,target1,6,-3.4931752681732178,0.11170156094855656,170,-3.3782896995544434,0.2383338800697643,40
capitalize,payload_zero,target1,7,-2.9482779502868652,0.09992298274884344,170,-2.8966851234436035,0.21713405659787374,40
capitalize,payload_zero,target1,8,-2.1243200302124023,0.07571585966156309,170,-2.0552985668182373,0.1734304604855866,40
capitalize,payload_zero,target1,9,-1.936951756477356,0.07838633272962199,170,-1.9341342449188232,0.18333753377782067,40
capitalize,payload_zero,target1,10,-1.7430895566940308,0.0710990111314395,170,-1.7343088388442993,0.16354730612215904,40
capitalize,payload_zero,target1,11,-1.516573429107666,0.06791225023025349,170,-1.5276563167572021,0.15898927056599227,40
capitalize,payload_zero,target1,12,-0.8162268996238708,0.028145664116340053,170,-0.7676270604133606,0.044109939884503714,40
capitalize,payload_zero,target1,13,-0.5740281343460083,0.023589152100959455,170,-0.5453894734382629,0.038373555452950195,40
capitalize,payload_zero,target1,14,-0.5631418228149414,0.023302491369684625,170,-0.557456374168396,0.03898819794235101,40
capitalize,payload_zero,target1,15,-0.07786643505096436,0.005987712225238389,170,-0.0803636908531189,0.010990964545991449,40
capitalize,payload_zero,target1,16,-0.05965639650821686,0.005041440723833834,170,-0.06385086476802826,0.009377910579878605,40
capitalize,payload_zero,target1,17,-0.05592336133122444,0.0046818133700660255,170,-0.06114068627357483,0.00889295088201004,40
capitalize,payload_zero,target1,18,-0.05473999306559563,0.004757833732896795,170,-0.059557270258665085,0.008844919236779384,40
capitalize,payload_zero,target1,19,-0.05366881936788559,0.004436056702037728,170,-0.054629694670438766,0.008752291111625388,40
capitalize,payload_zero,target1,20,-0.034858234226703644,0.0038404796210494696,170,-0.0386541411280632,0.007951779201977458,40
capitalize,payload_zero,target1,21,-0.017731428146362305,0.0019072781285174385,170,-0.01690400205552578,0.0035361837294911993,40
capitalize,payload_zero,target1,22,-0.016140379011631012,0.001655938555717397,170,-0.015118335373699665,0.0031825563739853345,40
capitalize,payload_zero,target1,23,-0.013952218927443027,0.0015321789284704723,170,-0.015104967169463634,0.003219303571863867,40
capitalize,payload_zero,target1,24,-0.016663406044244766,0.0015588384416224442,170,-0.01633424684405327,0.0030646513341510296,40
capitalize,payload_zero,target1,25,0.0001494866155553609,0.00028471694683486893,170,-0.0003644324897322804,0.00046021580957805275,40
capitalize,payload_zero,target1,26,-0.00015028023335617036,0.0001586655857509861,170,-0.00012831464118789881,0.00030197202171751837,40
capitalize,payload_zero,target1,27,0.0,0.0,170,0.0,0.0,40
capitalize,payload_zero,final_cue,0,-0.43252015113830566,0.02604980395041977,170,-0.4537200927734375,0.053622873901292056,40
capitalize,payload_zero,final_cue,1,-0.43236154317855835,0.025854796572486762,170,-0.454155832529068,0.05276904919206755,40
capitalize,payload_zero,final_cue,2,-0.43963518738746643,0.026039365004220157,170,-0.46075764298439026,0.052975969602184036,40
capitalize,payload_zero,final_cue,3,-0.4525730013847351,0.026363141480708327,170,-0.47532692551612854,0.05348758304925037,40
capitalize,payload_zero,final_cue,4,-0.4183712601661682,0.024654372617142054,170,-0.4379033148288727,0.052276421041329305,40
capitalize,payload_zero,final_cue,5,-0.40771952271461487,0.023599008185043697,170,-0.419295072555542,0.050402078930498466,40
capitalize,payload_zero,final_cue,6,-0.315534770488739,0.02100788207962403,170,-0.3230457305908203,0.046017563987879935,40
capitalize,payload_zero,final_cue,7,-0.3460482060909271,0.022146650651831367,170,-0.35074490308761597,0.0478563010108341,40
capitalize,payload_zero,final_cue,8,-0.27010780572891235,0.019041876735807154,170,-0.2715393006801605,0.04104476402794079,40
capitalize,payload_zero,final_cue,9,-0.28724226355552673,0.016019210948835384,170,-0.2826305329799652,0.03561666094387419,40
capitalize,payload_zero,final_cue,10,-0.27152279019355774,0.014668447425199196,170,-0.25294390320777893,0.03427720564287079,40
capitalize,payload_zero,final_cue,11,-0.2943396270275116,0.013762169979277714,170,-0.27340251207351685,0.030787958864727592,40
capitalize,payload_zero,final_cue,12,-0.2385898381471634,0.011372563307346715,170,-0.2271953821182251,0.02332447792662725,40
capitalize,payload_zero,final_cue,13,-0.1795770525932312,0.01015490606212419,170,-0.1699851006269455,0.021454254244436463,40
capitalize,payload_zero,final_cue,14,-0.17135334014892578,0.010081446006850205,170,-0.16411098837852478,0.020117407124499727,40
capitalize,payload_zero,final_cue,15,-0.09527698159217834,0.008965366771067318,170,-0.0804915502667427,0.01581966662513805,40
capitalize,payload_zero,final_cue,16,-0.06984329223632812,0.008026794763920132,170,-0.06382635980844498,0.015229182206710186,40
capitalize,payload_zero,final_cue,17,-0.06781689822673798,0.007857861894148303,170,-0.06550920754671097,0.014589691314762298,40
capitalize,payload_zero,final_cue,18,-0.10129068791866302,0.008166116523930752,170,-0.0976729467511177,0.01539785754079716,40
capitalize,payload_zero,final_cue,19,-0.08583725243806839,0.0077505215498347374,170,-0.08799244463443756,0.015423290251297734,40
capitalize,payload_zero,final_cue,20,-0.071647047996521,0.00694064549776157,170,-0.07261721044778824,0.013677654925669554,40
capitalize,payload_zero,final_cue,21,-0.05287517234683037,0.00637247265056436,170,-0.06181468814611435,0.013692841042259618,40
capitalize,payload_zero,final_cue,22,-0.05229444056749344,0.006299962889111811,170,-0.06267235428094864,0.013400883798223826,40
capitalize,payload_zero,final_cue,23,-0.04263165593147278,0.006257943102061099,170,-0.059160590171813965,0.014002460643446511,40
capitalize,payload_zero,final_cue,24,-0.020436802878975868,0.006087758793041561,170,-0.0369558148086071,0.012917059142115755,40
capitalize,payload_zero,final_cue,25,0.009691879153251648,0.005552273653281208,170,-0.005189822055399418,0.01051247994624074,40
capitalize,payload_zero,final_cue,26,0.024276800453662872,0.005213352476161969,170,0.009639867581427097,0.009485809051499029,40
capitalize,payload_zero,final_cue,27,-0.012363125570118427,0.005068426096908641,170,-0.021444788202643394,0.008863698965087544,40
capitalize,payload_mean,cue1,0,-0.0038905830588191748,0.001651190229494182,170,-0.0027897439431399107,0.0033192862021665537,40
capitalize,payload_mean,cue1,1,-0.004211734980344772,0.0016185443795572773,170,-0.00335982209071517,0.0034546406683805945,40
capitalize,payload_mean,cue1,2,-0.0038363838102668524,0.0016349740911510337,170,-0.001619689166545868,0.003357247959521028,40
capitalize,payload_mean,cue1,3,-0.004003983922302723,0.0016518489493995688,170,-0.0025819160509854555,0.0033522822254463814,40
capitalize,payload_mean,cue1,4,-0.004253464750945568,0.0016153169234517694,170,-0.001328920596279204,0.0029922457420754754,40
capitalize,payload_mean,cue1,5,-0.0041519710794091225,0.0013954907623561449,170,-0.0016688636969774961,0.0023982585682821665,40
capitalize,payload_mean,cue1,6,-0.004673708695918322,0.0012505329542632619,170,-0.002105678664520383,0.002255469931948959,40
capitalize,payload_mean,cue1,7,-0.004149796906858683,0.0011024149049240087,170,-0.0025113753508776426,0.0018840503403567636,40
capitalize,payload_mean,cue1,8,-0.003987467382103205,0.000917900259363763,170,-0.002949923276901245,0.0015721005755972128,40
capitalize,payload_mean,cue1,9,-0.002269051969051361,0.0008697714201954957,170,-0.001336749643087387,0.001360784750131872,40
capitalize,payload_mean,cue1,10,-0.003968612756580114,0.0007329894675667711,170,-0.002720960881561041,0.0012348021093309077,40
capitalize,payload_mean,cue1,11,-0.002259422792121768,0.0004750723029376806,170,-0.001814536051824689,0.0009936166320980704,40
capitalize,payload_mean,cue1,12,-0.0006701558595523238,0.0003934660710241632,170,-0.0005582526209764183,0.0005718577617219361,40
capitalize,payload_mean,cue1,13,-0.0015378205571323633,0.0004007835977371744,170,-0.002029682043939829,0.00059123453554358,40
capitalize,payload_mean,cue1,14,0.0003573716094251722,0.000317162098631006,170,8.219033770728856e-05,0.0006516001883427484,40
capitalize,payload_mean,cue1,15,0.0008658026927150786,0.0003030411567338298,170,0.0005911208572797477,0.000594261546725359,40
capitalize,payload_mean,cue1,16,0.0008319980697706342,0.0002775944217854562,170,0.0007121667149476707,0.0005147508627058152,40
capitalize,payload_mean,cue1,17,0.0009973780252039433,0.0002828680024897231,170,0.00039961637230589986,0.0005748593714112807,40
capitalize,payload_mean,cue1,18,0.000972759909927845,0.0003153501188869269,170,0.0008243747288361192,0.0005801679151925216,40
capitalize,payload_mean,cue1,19,0.0011898590018972754,0.00028484041217389096,170,0.0002988174674101174,0.0005597498642498487,40
capitalize,payload_mean,cue1,20,-1.0267557627230417e-05,0.00024432310222682955,170,0.00020849033899139613,0.0004591553893033048,40
capitalize,payload_mean,cue1,21,0.0006999793113209307,0.00023596378091177261,170,0.0002714022994041443,0.0005412801077769025,40
capitalize,payload_mean,cue1,22,0.0009486160124652088,0.0002442521016211091,170,0.0007830530521459877,0.0005449314434662132,40
capitalize,payload_mean,cue1,23,0.000789593264926225,0.0002310835785634959,170,0.0008261605980806053,0.0004743765894039344,40
capitalize,payload_mean,cue1,24,0.00022806375636719167,0.00020328584141539102,170,0.00038100406527519226,0.00045227872672244017,40
capitalize,payload_mean,cue1,25,0.00015060695295687765,0.00018538745657780114,170,0.0003398984554223716,0.00046964002096755577,40
capitalize,payload_mean,cue1,26,0.00026016030460596085,0.0001411639900127698,170,0.0005189180374145508,0.0002833472056994503,40
capitalize,payload_mean,cue1,27,0.0,0.0,170,0.0,0.0,40
capitalize,payload_mean,target1,0,-2.363067150115967,0.08543167740630767,170,-2.2458584308624268,0.18310612897958783,40
capitalize,payload_mean,target1,1,-2.46942138671875,0.09092599627945067,170,-2.3791308403015137,0.19962786988383127,40
capitalize,payload_mean,target1,2,-2.400580883026123,0.08676233104409664,170,-2.292296886444092,0.1855872890366195,40
capitalize,payload_mean,target1,3,-2.6524877548217773,0.09672094400303334,170,-2.5598320960998535,0.2082096196456472,40
capitalize,payload_mean,target1,4,-2.3632915019989014,0.08401995336260498,170,-2.2473089694976807,0.17778994442942261,40
capitalize,payload_mean,target1,5,-2.290151834487915,0.08052089722573672,170,-2.183713436126709,0.17218607303105113,40
capitalize,payload_mean,target1,6,-2.4062256813049316,0.08609741108581602,170,-2.3466687202453613,0.1903184493848176,40
capitalize,payload_mean,target1,7,-2.059771776199341,0.07527638619804057,170,-2.0459322929382324,0.16766884478841163,40
capitalize,payload_mean,target1,8,-1.5399444103240967,0.05798537239919844,170,-1.5016374588012695,0.13262597425488232,40
capitalize,payload_mean,target1,9,-1.4735175371170044,0.060106117348844405,170,-1.4675989151000977,0.1424028976626334,40
capitalize,payload_mean,target1,10,-1.3220676183700562,0.05329234036199513,170,-1.3084417581558228,0.12315806493564051,40
capitalize,payload_mean,target1,11,-1.22730553150177,0.05403726100277772,170,-1.2304521799087524,0.12869508019494444,40
capitalize,payload_mean,target1,12,-0.6906066536903381,0.024085074046055352,170,-0.6432721018791199,0.03729218756136301,40
capitalize,payload_mean,target1,13,-0.5107458829879761,0.021180553267002487,170,-0.48080769181251526,0.03472991472241433,40
capitalize,payload_mean,target1,14,-0.5090489387512207,0.02101949589298953,170,-0.49956265091896057,0.03566769600266829,40
capitalize,payload_mean,target1,15,-0.07208897918462753,0.0048288646245899505,170,-0.0714511126279831,0.009546136491618274,40
capitalize,payload_mean,target1,16,-0.0496395118534565,0.003987014014021088,170,-0.05202643200755119,0.007554327277408205,40
capitalize,payload_mean,target1,17,-0.046862099319696426,0.003719402016683423,170,-0.04928281903266907,0.007053106501240753,40
capitalize,payload_mean,target1,18,-0.046653084456920624,0.003874146193980082,170,-0.04991276189684868,0.007059849603510672,40
capitalize,payload_mean,target1,19,-0.04695412516593933,0.0036983704086871027,170,-0.047814663499593735,0.0074095102030559525,40
capitalize,payload_mean,target1,20,-0.0305167343467474,0.0031716619152306613,170,-0.03247739002108574,0.006464214793202292,40
capitalize,payload_mean,target1,21,-0.01795949600636959,0.0015978813461339125,170,-0.017413655295968056,0.003268572159334813,40
capitalize,payload_mean,target1,22,-0.015824073925614357,0.0014071407188871322,170,-0.01431022584438324,0.0029025403347292486,40
capitalize,payload_mean,target1,23,-0.014385591261088848,0.0013186143922226043,170,-0.0142964543774724,0.002761024718118339,40
capitalize,payload_mean,target1,24,-0.015832211822271347,0.0013576161535259286,170,-0.01546810008585453,0.002758784085603072,40
capitalize,payload_mean,target1,25,-0.0002453161869198084,0.0002668081869087671,170,-0.0004946619155816734,0.0005041607964410826,40
capitalize,payload_mean,target1,26,-0.0002556244726292789,0.00015693369597588494,170,-0.000331573945004493,0.00027079375132455863,40
capitalize,payload_mean,target1,27,0.0,0.0,170,0.0,0.0,40
capitalize,payload_mean,final_cue,0,-0.09303876012563705,0.008355036421358805,170,-0.10452878475189209,0.018569509385404172,40
capitalize,payload_mean,final_cue,1,-0.0929291769862175,0.00837233256891573,170,-0.10399872064590454,0.01866417787623453,40
capitalize,payload_mean,final_cue,2,-0.09260183572769165,0.008368743395438624,170,-0.10378880798816681,0.018650648084206224,40
capitalize,payload_mean,final_cue,3,-0.09091785550117493,0.008343473465570038,170,-0.10271066427230835,0.01863742576067765,40
capitalize,payload_mean,final_cue,4,-0.08985244482755661,0.008318844684028362,170,-0.10128802061080933,0.018466862028103836,40
capitalize,payload_mean,final_cue,5,-0.0917690247297287,0.008367457670184129,170,-0.10366606712341309,0.018828632292181548,40
capitalize,payload_mean,final_cue,6,-0.0832604318857193,0.008250307527895481,170,-0.09537851065397263,0.018392380434634995,40
capitalize,payload_mean,final_cue,7,-0.0889582708477974,0.008445289762756844,170,-0.10620151460170746,0.019481404409669455,40
capitalize,payload_mean,final_cue,8,-0.07694622129201889,0.007888334154113302,170,-0.09262685477733612,0.017214700686098212,40
capitalize,payload_mean,final_cue,9,-0.08080150187015533,0.007355855325714683,170,-0.09412280470132828,0.016572982120077573,40
capitalize,payload_mean,final_cue,10,-0.07459286600351334,0.007136529454601419,170,-0.08280406892299652,0.016275333763696224,40
capitalize,payload_mean,final_cue,11,-0.08843374252319336,0.006934974020805627,170,-0.09601680189371109,0.014717496899189888,40
capitalize,payload_mean,final_cue,12,-0.07460836321115494,0.006336736345690732,170,-0.08594392240047455,0.012481644871171914,40
capitalize,payload_mean,final_cue,13,-0.065858855843544,0.006162553145412988,170,-0.07547841966152191,0.012581952640577763,40
capitalize,payload_mean,final_cue,14,-0.070546455681324,0.006213945012418804,170,-0.0783635750412941,0.012537071663939157,40
capitalize,payload_mean,final_cue,15,-0.04574868455529213,0.005870647226533262,170,-0.0496239960193634,0.010753318490626182,40
capitalize,payload_mean,final_cue,16,-0.03475591540336609,0.005564178326270946,170,-0.0420166552066803,0.010017116386091113,40
capitalize,payload_mean,final_cue,17,-0.03454471379518509,0.005587120236278724,170,-0.04296054318547249,0.010159241049500337,40
capitalize,payload_mean,final_cue,18,-0.04249175265431404,0.005705034956518711,170,-0.050281085073947906,0.01064626172874927,40
capitalize,payload_mean,final_cue,19,-0.03492242842912674,0.005563808037397652,170,-0.04429490491747856,0.010522942121513128,40
capitalize,payload_mean,final_cue,20,-0.021898042410612106,0.005368651515335125,170,-0.031059568747878075,0.009610243673811773,40
capitalize,payload_mean,final_cue,21,-0.019407013431191444,0.005142977018631883,170,-0.02916036918759346,0.009890541853702669,40
capitalize,payload_mean,final_cue,22,-0.0177492443472147,0.005090990860841767,170,-0.02723127231001854,0.009831952611941086,40
capitalize,payload_mean,final_cue,23,-0.016905052587389946,0.005059467163335313,170,-0.029094386845827103,0.010121025424476546,40
capitalize,payload_mean,final_cue,24,-0.011211254633963108,0.004954463410384251,170,-0.022694379091262817,0.009416952011102818,40
capitalize,payload_mean,final_cue,25,0.001903956406749785,0.0049187945346573034,170,-0.011352275498211384,0.008804017091013708,40
capitalize,payload_mean,final_cue,26,0.008489166386425495,0.004799095799197523,170,-0.004374518059194088,0.008392768548304317,40
capitalize,payload_mean,final_cue,27,-0.010186591185629368,0.00464085044917451,170,-0.017833173274993896,0.008059899734181019,40
capitalize,payload_cf_zero,cue1,0,-0.05257595330476761,0.008324189872486386,170,-0.06932507455348969,0.01600294376786158,40
capitalize,payload_cf_zero,cue1,1,-0.07691162079572678,0.008466131083415498,170,-0.09222520887851715,0.016594358838070228,40
capitalize,payload_cf_zero,cue1,2,-0.07346878945827484,0.008679706048323764,170,-0.09119945019483566,0.017160807701708927,40
capitalize,payload_cf_zero,cue1,3,-0.0684487596154213,0.008701733093383788,170,-0.08455394208431244,0.015942459648391895,40
capitalize,payload_cf_zero,cue1,4,-0.05987951159477234,0.009235451360927741,170,-0.07518132776021957,0.016622670678890103,40
capitalize,payload_cf_zero,cue1,5,-0.09461664408445358,0.00883670110196596,170,-0.10287852585315704,0.01674107903641218,40
capitalize,payload_cf_zero,cue1,6,-0.0789143368601799,0.007131995701637343,170,-0.08442962914705276,0.014067807712980872,40
capitalize,payload_cf_zero,cue1,7,-0.10912194848060608,0.006381984731713844,170,-0.10958311706781387,0.012442531579493743,40
capitalize,payload_cf_zero,cue1,8,-0.06832902878522873,0.004367734119163987,170,-0.0666891559958458,0.007926838323272428,40
capitalize,payload_cf_zero,cue1,9,-0.053240999579429626,0.00392594263586598,170,-0.05186954885721207,0.008299983743799883,40
capitalize,payload_cf_zero,cue1,10,-0.02231650985777378,0.0021743931216150598,170,-0.02172425016760826,0.004639305017434211,40
capitalize,payload_cf_zero,cue1,11,-0.0005315172602422535,0.0010789770621138994,170,-0.0013681479031220078,0.001963368967005248,40
capitalize,payload_cf_zero,cue1,12,-0.00089512940030545,0.0007051349442199259,170,-0.0019139207433909178,0.000966118522566271,40
capitalize,payload_cf_zero,cue1,13,-0.0009203102672472596,0.0005234181082426441,170,-0.0018966577481478453,0.0007993180395035079,40
capitalize,payload_cf_zero,cue1,14,0.0031035549473017454,0.0004352628918869904,170,0.003797727869823575,0.0009075755925111859,40
capitalize,payload_cf_zero,cue1,15,0.0031418344005942345,0.0003965572045381041,170,0.003242471721023321,0.0009222324009009264,40
capitalize,payload_cf_zero,cue1,16,0.0017657224088907242,0.0003427669956429777,170,0.002018225146457553,0.000709728080099708,40
capitalize,payload_cf_zero,cue1,17,0.002275426872074604,0.0003508793148508099,170,0.0028323859442025423,0.0007482899016957508,40
capitalize,payload_cf_zero,cue1,18,0.0030001788400113583,0.00032986459985575,170,0.0033207968808710575,0.0007631963073589783,40
capitalize,payload_cf_zero,cue1,19,0.002807413460686803,0.0003121680560258208,170,0.0027979284059256315,0.0007377225863329377,40
capitalize,payload_cf_zero,cue1,20,-5.212974065216258e-05,0.00026457361427374845,170,-0.0007025040686130524,0.00048689297232537457,40
capitalize,payload_cf_zero,cue1,21,0.0002384046820225194,0.00024065241019712946,170,0.00017106234736274928,0.0004402483222091565,40
capitalize,payload_cf_zero,cue1,22,-0.00015162698400672525,0.00024440481720967085,170,-0.0006866380572319031,0.0004993545763761734,40
capitalize,payload_cf_zero,cue1,23,0.00025593547616153955,0.0002401097984251418,170,0.000251292425673455,0.00044793389347591025,40
capitalize,payload_cf_zero,cue1,24,0.0004897650796920061,0.00021697102959506432,170,9.922534081852064e-05,0.00045859994333540357,40
capitalize,payload_cf_zero,cue1,25,0.00017653348913881928,0.00020423038518777026,170,0.00013433396816253662,0.0004830005801542361,40
capitalize,payload_cf_zero,cue1,26,3.0446140954154544e-05,0.00018258784340802198,170,-6.56761258142069e-05,0.00039653931152946754,40
capitalize,payload_cf_zero,cue1,27,0.0,0.0,170,0.0,0.0,40
capitalize,payload_cf_zero,target1,0,-0.1088404580950737,0.016702829352350502,170,-0.11401708424091339,0.03181569765293675,40
capitalize,payload_cf_zero,target1,1,-0.1085740253329277,0.01673959538029462,170,-0.11470550298690796,0.032327728126244105,40
capitalize,payload_cf_zero,target1,2,-0.11468716710805893,0.016877772559112016,170,-0.1189621090888977,0.03194598890224721,40
capitalize,payload_cf_zero,target1,3,-0.11252050846815109,0.016804168502609528,170,-0.11020157486200333,0.03016728480935507,40
capitalize,payload_cf_zero,target1,4,-0.08764374256134033,0.01581276918763906,170,-0.08757360279560089,0.027711919121174242,40
capitalize,payload_cf_zero,target1,5,-0.1331261843442917,0.01617886945377145,170,-0.13343146443367004,0.02797279141769145,40
capitalize,payload_cf_zero,target1,6,-0.13277511298656464,0.016075768002763596,170,-0.1279582679271698,0.028417355527092746,40
capitalize,payload_cf_zero,target1,7,-0.127718985080719,0.014923494172483034,170,-0.11989186704158783,0.024899661433503355,40
capitalize,payload_cf_zero,target1,8,-0.21151572465896606,0.014553543587788516,170,-0.20223164558410645,0.025419179530505254,40
capitalize,payload_cf_zero,target1,9,-0.16360299289226532,0.012223161421113722,170,-0.16553881764411926,0.023577480914415763,40
capitalize,payload_cf_zero,target1,10,-0.14893865585327148,0.012014229352957801,170,-0.15004023909568787,0.022093432955723705,40
capitalize,payload_cf_zero,target1,11,-0.17250211536884308,0.011871670422473085,170,-0.1770981103181839,0.022744406205782164,40
capitalize,payload_cf_zero,target1,12,-0.14020368456840515,0.009824026667896738,170,-0.14528100192546844,0.020035104521951574,40
capitalize,payload_cf_zero,target1,13,-0.13701802492141724,0.008618548383718243,170,-0.13846240937709808,0.018154347982074666,40
capitalize,payload_cf_zero,target1,14,-0.09124467521905899,0.006454653351664504,170,-0.0918894037604332,0.013229202105472838,40
capitalize,payload_cf_zero,target1,15,0.0003116260631941259,0.0031516006012264003,170,-0.002918540732935071,0.009305214306376583,40
capitalize,payload_cf_zero,target1,16,-0.0014635073021054268,0.002840424803665737,170,-0.0050954436883330345,0.008626850442957208,40
capitalize,payload_cf_zero,target1,17,0.0007412220002152026,0.002877642835465991,170,-0.00477514136582613,0.008846477784002148,40
capitalize,payload_cf_zero,target1,18,0.00437153410166502,0.0029913980916493215,170,-0.0010217748349532485,0.009014835047227332,40
capitalize,payload_cf_zero,target1,19,0.005428398493677378,0.0027030510602740403,170,0.0013758793938905,0.008656779143991175,40
capitalize,payload_cf_zero,target1,20,0.003980657085776329,0.002271617093909529,170,0.0010309278732165694,0.007199030344388008,40
capitalize,payload_cf_zero,target1,21,0.006296263076364994,0.0016051266936597198,170,0.005103681236505508,0.003532860183495565,40
capitalize,payload_cf_zero,target1,22,0.00691296486184001,0.0015627786180940277,170,0.006549542304128408,0.003365222408340149,40
capitalize,payload_cf_zero,target1,23,0.006696611177176237,0.001574712434189535,170,0.0064076208509504795,0.0034461864626782754,40
capitalize,payload_cf_zero,target1,24,-0.001986114075407386,0.0007507821193594739,170,-0.0017559081315994263,0.0012241871569663408,40
capitalize,payload_cf_zero,target1,25,0.00021028063201811165,0.0003094257826309331,170,-0.00034710316685959697,0.0006181640197824179,40
capitalize,payload_cf_zero,target1,26,1.0751100489869714e-05,0.00017902170584172566,170,-1.5267729395418428e-05,0.0003757523867401369,40
capitalize,payload_cf_zero,target1,27,0.0,0.0,170,0.0,0.0,40
capitalize,payload_cf_zero,final_cue,0,0.008137506432831287,0.012431472912546804,170,0.03885544836521149,0.024035043519702155,40
capitalize,payload_cf_zero,final_cue,1,0.012009970843791962,0.012358735149149125,170,0.04365568235516548,0.02376370080163095,40
capitalize,payload_cf_zero,final_cue,2,0.011556167155504227,0.01235397625140715,170,0.04205099865794182,0.023774545839977717,40
capitalize,payload_cf_zero,final_cue,3,0.003066522302106023,0.012433794075206254,170,0.03374439477920532,0.0245186997160575,40
capitalize,payload_cf_zero,final_cue,4,0.010193766094744205,0.012557764275678193,170,0.04196461662650108,0.02455445559308346,40
capitalize,payload_cf_zero,final_cue,5,0.017709683626890182,0.012628801453139259,170,0.05067288875579834,0.025991933265448745,40
capitalize,payload_cf_zero,final_cue,6,0.008029515855014324,0.01197562330931614,170,0.041580695658922195,0.02500178102878117,40
capitalize,payload_cf_zero,final_cue,7,0.0005647301441058517,0.011531769236993198,170,0.027425149455666542,0.02397716875933937,40
capitalize,payload_cf_zero,final_cue,8,0.025206083431839943,0.011029668953474361,170,0.05331442505121231,0.022262041141517634,40
capitalize,payload_cf_zero,final_cue,9,0.007891299203038216,0.0101428248161995,170,0.04121223837137222,0.0207087903876222,40
capitalize,payload_cf_zero,final_cue,10,-0.002318264450877905,0.009978263412292956,170,0.02044064924120903,0.01876886795529169,40
capitalize,payload_cf_zero,final_cue,11,-0.0009654843015596271,0.0087640004817423,170,0.019664376974105835,0.017748568491127697,40
capitalize,payload_cf_zero,final_cue,12,0.02325175143778324,0.009045188594900548,170,0.03764341026544571,0.01754970234205584,40
capitalize,payload_cf_zero,final_cue,13,0.04315603896975517,0.00820142539658644,170,0.05781381204724312,0.016806190497900775,40
capitalize,payload_cf_zero,final_cue,14,0.05466260388493538,0.007775077187895269,170,0.06896048039197922,0.015477173811365185,40
capitalize,payload_cf_zero,final_cue,15,0.06095235422253609,0.0072520864404413835,170,0.06768573820590973,0.012938518322924428,40
capitalize,payload_cf_zero,final_cue,16,0.04513946548104286,0.006429658852717105,170,0.055484794080257416,0.01193698975176688,40
capitalize,payload_cf_zero,final_cue,17,0.027603408321738243,0.005966201184580503,170,0.039172641932964325,0.01111742127435701,40
capitalize,payload_cf_zero,final_cue,18,0.022220177575945854,0.005626055425585539,170,0.034895576536655426,0.010518606933470972,40
capitalize,payload_cf_zero,final_cue,19,0.024931346997618675,0.005089151416577667,170,0.038925688713788986,0.009562273286673017,40
capitalize,payload_cf_zero,final_cue,20,0.01347041130065918,0.0049365364003024536,170,0.025186415761709213,0.009000941829788427,40
capitalize,payload_cf_zero,final_cue,21,-0.00925392284989357,0.0047504093838438895,170,0.006262860260903835,0.00832643545909841,40
capitalize,payload_cf_zero,final_cue,22,-0.008961985819041729,0.004787740845183262,170,0.006154247559607029,0.008514512526734375,40
capitalize,payload_cf_zero,final_cue,23,-0.013064248487353325,0.004623704588614,170,-0.0023907527793198824,0.008622852763440615,40
capitalize,payload_cf_zero,final_cue,24,-0.019024889916181564,0.004731800367943763,170,-0.01222367025911808,0.00976388309143786,40
capitalize,payload_cf_zero,final_cue,25,-0.026000050827860832,0.0047211579914372154,170,-0.02150634117424488,0.009930979262598064,40
capitalize,payload_cf_zero,final_cue,26,-0.015648359432816505,0.0044606454832381535,170,-0.010703813284635544,0.009701894614595941,40
capitalize,payload_cf_zero,final_cue,27,-0.011717390269041061,0.004279596510101401,170,-0.004935435019433498,0.009376015702170505,40
capitalize,payload_cf_mean,cue1,0,-0.010819914750754833,0.002803331915790254,170,-0.007160793989896774,0.004633673985140323,40
capitalize,payload_cf_mean,cue1,1,-0.01012097205966711,0.0028034007735205503,170,-0.006802059710025787,0.0047181382915084105,40
capitalize,payload_cf_mean,cue1,2,-0.009933311492204666,0.002787872641046919,170,-0.006211998872458935,0.004664745385196272,40
capitalize,payload_cf_mean,cue1,3,-0.00993962213397026,0.0027509803263111375,170,-0.006506928242743015,0.004406353452380898,40
capitalize,payload_cf_mean,cue1,4,-0.010009902529418468,0.002808969678172857,170,-0.005676586180925369,0.004526014655686356,40
capitalize,payload_cf_mean,cue1,5,-0.007828804664313793,0.0026544577885721766,170,-0.004103609826415777,0.004855292214172015,40
capitalize,payload_cf_mean,cue1,6,-0.009767333045601845,0.002421694374249091,170,-0.008684196509420872,0.004333457501060086,40
capitalize,payload_cf_mean,cue1,7,-0.013595763593912125,0.002551995771590891,170,-0.012021916918456554,0.004971428721112763,40
capitalize,payload_cf_mean,cue1,8,-0.011463208124041557,0.0018418642847444519,170,-0.009573720395565033,0.0034161284717291918,40
capitalize,payload_cf_mean,cue1,9,-0.008319680579006672,0.0015790170423415873,170,-0.008770722895860672,0.003357472376184623,40
capitalize,payload_cf_mean,cue1,10,-0.004477349109947681,0.001001826475355247,170,-0.0036599680315703154,0.0022252102016106856,40
capitalize,payload_cf_mean,cue1,11,0.0005049158353358507,0.0005466673780154274,170,0.0002757735492195934,0.001005429725002889,40
capitalize,payload_cf_mean,cue1,12,0.0015640276251360774,0.0004363030079032871,170,0.0010108842980116606,0.0007835640338956252,40
capitalize,payload_cf_mean,cue1,13,0.0009059076546691358,0.0003534052649716286,170,-0.00022162422828841954,0.0007111438635722389,40
capitalize,payload_cf_mean,cue1,14,0.0022532898001372814,0.000323125042359225,170,0.002371225506067276,0.0006602485498002843,40
capitalize,payload_cf_mean,cue1,15,0.002319618593901396,0.00031403835769602747,170,0.0018477633129805326,0.0007073864306348177,40
capitalize,payload_cf_mean,cue1,16,0.0022022821940481663,0.000291031125702403,170,0.001989976270124316,0.0006451334101340081,40
capitalize,payload_cf_mean,cue1,17,0.0018278515199199319,0.000286155244819565,170,0.001874463981948793,0.0006824321517221844,40
capitalize,payload_cf_mean,cue1,18,0.002033485332503915,0.00028543448867064886,170,0.0013644673163071275,0.0006460807017330296,40
capitalize,payload_cf_mean,cue1,19,0.001734658726491034,0.00030121421257637193,170,0.001155693782493472,0.0006686923003955725,40
capitalize,payload_cf_mean,cue1,20,0.0010077888146042824,0.00023919205845285976,170,0.0006861806032247841,0.0005512639619026221,40
capitalize,payload_cf_mean,cue1,21,0.00126100133638829,0.00026052922262737006,170,0.0008053205674514174,0.0006408177333831421,40
capitalize,payload_cf_mean,cue1,22,0.0015525908675044775,0.0002888793037733473,170,0.0010958559578284621,0.0007090446695119482,40
capitalize,payload_cf_mean,cue1,23,0.0008046940201893449,0.0002719164804886504,170,0.0007293954258784652,0.0006685819327516323,40
capitalize,payload_cf_mean,cue1,24,1.4294771972345188e-05,0.0002259513204934524,170,-0.00033515988616272807,0.0005045540409949745,40
capitalize,payload_cf_mean,cue1,25,-0.00023592193610966206,0.00017753288956890502,170,-0.00017718374147079885,0.0003571281229284261,40
capitalize,payload_cf_mean,cue1,26,-0.0002135727263521403,0.00015098760953433595,170,-0.0005702339112758636,0.0003639003816940092,40
capitalize,payload_cf_mean,cue1,27,0.0,0.0,170,0.0,0.0,40
capitalize,payload_cf_mean,target1,0,-0.04117758199572563,0.00838863842230997,170,-0.053493350744247437,0.01571635249706818,40
capitalize,payload_cf_mean,target1,1,-0.04104045033454895,0.00825566814505656,170,-0.05472748354077339,0.01564888966728281,40
capitalize,payload_cf_mean,target1,2,-0.04102037101984024,0.008521032694649365,170,-0.0509733185172081,0.01514221338681557,40
capitalize,payload_cf_mean,target1,3,-0.04673630744218826,0.008080317506247733,170,-0.05053495243191719,0.013884181870349604,40
capitalize,payload_cf_mean,target1,4,-0.04033920168876648,0.007995934500644999,170,-0.041697122156620026,0.013118436872955516,40
capitalize,payload_cf_mean,target1,5,-0.05300445109605789,0.008482543223430778,170,-0.060150694102048874,0.014029908980778641,40
capitalize,payload_cf_mean,target1,6,-0.0626039057970047,0.0086776923168585,170,-0.06586053222417831,0.014069591265887346,40
capitalize,payload_cf_mean,target1,7,-0.06595869362354279,0.008282038655742993,170,-0.06889660656452179,0.014197787959670914,40
capitalize,payload_cf_mean,target1,8,-0.08667158335447311,0.008613741485566768,170,-0.08687813580036163,0.014894735407700348,40
capitalize,payload_cf_mean,target1,9,-0.07657486945390701,0.007430339389724692,170,-0.07956826686859131,0.013966135772990019,40
capitalize,payload_cf_mean,target1,10,-0.06775585561990738,0.0068402634985253365,170,-0.067020945250988,0.013003541431395857,40
capitalize,payload_cf_mean,target1,11,-0.07376471906900406,0.006621425060141887,170,-0.07544118165969849,0.01312166941534347,40
capitalize,payload_cf_mean,target1,12,-0.0521557591855526,0.005776978998859282,170,-0.05095067620277405,0.01215075928777388,40
capitalize,payload_cf_mean,target1,13,-0.042416952550411224,0.005396178607317158,170,-0.04258010908961296,0.011882883542096176,40
capitalize,payload_cf_mean,target1,14,-0.02944091334939003,0.003756209759269131,170,-0.027915721759200096,0.008900622869000405,40
capitalize,payload_cf_mean,target1,15,-0.0032598627731204033,0.0021463174535244415,170,-0.005303896032273769,0.006537281560356287,40
capitalize,payload_cf_mean,target1,16,-0.0033291529398411512,0.0019164946357167498,170,-0.006929247174412012,0.006182346285686345,40
capitalize,payload_cf_mean,target1,17,-0.0021158636081963778,0.0019278405896542294,170,-0.006043911911547184,0.006283922804418661,40
capitalize,payload_cf_mean,target1,18,-0.0012246397091075778,0.0019578749887408918,170,-0.0054581621661782265,0.0061333563047295215,40
capitalize,payload_cf_mean,target1,19,-0.001287858234718442,0.0017722942626571265,170,-0.005514342337846756,0.005941119577045498,40
capitalize,payload_cf_mean,target1,20,0.0001711025834083557,0.0015176016612517213,170,-0.00269223446957767,0.005296278615398301,40
capitalize,payload_cf_mean,target1,21,0.001948723685927689,0.001018293758698107,170,0.001392026199027896,0.0024439827272145693,40
capitalize,payload_cf_mean,target1,22,0.0016888243844732642,0.0009549865043254309,170,0.002041958272457123,0.002307699229025054,40
capitalize,payload_cf_mean,target1,23,0.001663585309870541,0.0009402603072647008,170,0.002254533115774393,0.002085976448923052,40
capitalize,payload_cf_mean,target1,24,-0.00181127293035388,0.0005696089308773013,170,-0.0014508769381791353,0.0011909654653551747,40
capitalize,payload_cf_mean,target1,25,-0.0002509591868147254,0.0002473218778099892,170,-0.00033347532735206187,0.000600422991632285,40
capitalize,payload_cf_mean,target1,26,6.73129252390936e-05,0.00015252542622518902,170,0.00026404857635498047,0.0003429875170414634,40
capitalize,payload_cf_mean,target1,27,0.0,0.0,170,0.0,0.0,40
capitalize,payload_cf_mean,final_cue,0,0.002769251586869359,0.0059807933090688615,170,0.024058479815721512,0.012887233519601811,40
capitalize,payload_cf_mean,final_cue,1,0.0031843523029237986,0.005975624693545788,170,0.024450667202472687,0.012929939833977966,40
capitalize,payload_cf_mean,final_cue,2,0.0025858574081212282,0.0060087072614941365,170,0.023285161703824997,0.013158551498828207,40
capitalize,payload_cf_mean,final_cue,3,0.0026053215842694044,0.005989131094485906,170,0.02228165976703167,0.013024833330492034,40
capitalize,payload_cf_mean,final_cue,4,0.002004076959565282,0.006054826512089627,170,0.023602433502674103,0.01318584433485013,40
capitalize,payload_cf_mean,final_cue,5,0.0009562492487020791,0.0060303360174419895,170,0.022270023822784424,0.013170097471111135,40
capitalize,payload_cf_mean,final_cue,6,0.002515618922188878,0.005957701112064669,170,0.024709340184926987,0.012782582315872206,40
capitalize,payload_cf_mean,final_cue,7,-0.0035296014975756407,0.005854137942832089,170,0.01567433401942253,0.012201433866257954,40
capitalize,payload_cf_mean,final_cue,8,0.009666753001511097,0.005684855355791036,170,0.028572823852300644,0.011417969965781781,40
capitalize,payload_cf_mean,final_cue,9,0.006146124564111233,0.005491229132498083,170,0.027092576026916504,0.011329983319129442,40
capitalize,payload_cf_mean,final_cue,10,0.004011712968349457,0.005361448596742716,170,0.021334869787096977,0.010510920220977747,40
capitalize,payload_cf_mean,final_cue,11,0.0031409196089953184,0.005173304705934932,170,0.019349094480276108,0.010333878445185504,40
capitalize,payload_cf_mean,final_cue,12,-0.0017873469041660428,0.004816294803068553,170,0.009938117116689682,0.009053362263891652,40
capitalize,payload_cf_mean,final_cue,13,0.003297964343801141,0.004770957559144519,170,0.015340236946940422,0.009094356885815292,40
capitalize,payload_cf_mean,final_cue,14,0.006996035575866699,0.0046756958893051336,170,0.017149871215224266,0.008836126344511272,40
capitalize,payload_cf_mean,final_cue,15,0.005116140004247427,0.004444321058256905,170,0.011293398216366768,0.0085984637965828,40
capitalize,payload_cf_mean,final_cue,16,0.003930926322937012,0.0042649752425072745,170,0.010883895680308342,0.00842761556729372,40
capitalize,payload_cf_mean,final_cue,17,-0.0014371039578691125,0.004160437493531786,170,0.004508116282522678,0.008269312877421742,40
capitalize,payload_cf_mean,final_cue,18,-0.003927691839635372,0.004134340985182922,170,0.001404507434926927,0.008445408686910221,40
capitalize,payload_cf_mean,final_cue,19,-0.004276135936379433,0.004008959629814993,170,0.0019434175919741392,0.008459619975210915,40
capitalize,payload_cf_mean,final_cue,20,-0.0018696875777095556,0.003996026090904934,170,0.0042677694000303745,0.008236307135310027,40
capitalize,payload_cf_mean,final_cue,21,-0.009898416697978973,0.003974341905912776,170,-0.0027940706349909306,0.008280123163581756,40
capitalize,payload_cf_mean,final_cue,22,-0.008426022715866566,0.0040176728470063495,170,0.0008828245336189866,0.008209644550810538,40
capitalize,payload_cf_mean,final_cue,23,-0.010385548695921898,0.003968351283376996,170,-0.002940849168226123,0.008288968478640052,40
capitalize,payload_cf_mean,final_cue,24,-0.013477384112775326,0.004062335513746858,170,-0.007870616391301155,0.008847948567227863,40
capitalize,payload_cf_mean,final_cue,25,-0.016043351963162422,0.004161406644656953,170,-0.011730844154953957,0.00898245425545702,40
capitalize,payload_cf_mean,final_cue,26,-0.014412777498364449,0.004059357202623999,170,-0.009236047975718975,0.00871429695816462,40
capitalize,payload_cf_mean,final_cue,27,-0.012830349616706371,0.003946656812582801,170,-0.005748902913182974,0.0085234120316432,40
capitalize_first_letter,payload_zero,cue1,0,-0.0778568908572197,0.011076701354717267,170,-0.07803957164287567,0.02134226267204091,40
capitalize_first_letter,payload_zero,cue1,1,-0.0804968848824501,0.011073657900181513,170,-0.07931490242481232,0.021308415220185683,40
capitalize_first_letter,payload_zero,cue1,2,-0.07287108153104782,0.01127480933053067,170,-0.07072625309228897,0.021924051975539652,40
capitalize_first_letter,payload_zero,cue1,3,-0.09667717665433884,0.010860152078720268,170,-0.09229941666126251,0.021545528801367512,40
capitalize_first_letter,payload_zero,cue1,4,-0.07432081550359726,0.010776081647212738,170,-0.0688931867480278,0.02230909913649915,40
capitalize_first_letter,payload_zero,cue1,5,-0.06252848356962204,0.009762104996773324,170,-0.055276352912187576,0.022070458815180737,40
capitalize_first_letter,payload_zero,cue1,6,-0.050654247403144836,0.009546642587191458,170,-0.04187064617872238,0.023897104433226023,40
capitalize_first_letter,payload_zero,cue1,7,-0.042635709047317505,0.00760877862631154,170,-0.02903272584080696,0.01980324971235132,40
capitalize_first_letter,payload_zero,cue1,8,0.008914950303733349,0.005512469885135801,170,0.011799784377217293,0.012751829575698159,40
capitalize_first_letter,payload_zero,cue1,9,0.013866635970771313,0.00541958737845068,170,0.018109183758497238,0.011085069933592418,40
capitalize_first_letter,payload_zero,cue1,10,-0.040804266929626465,0.0041961106550095825,170,-0.03826342150568962,0.008282658895174348,40
capitalize_first_letter,payload_zero,cue1,11,-0.00793344434350729,0.002641112531863956,170,-0.009330520406365395,0.004628917647716354,40
capitalize_first_letter,payload_zero,cue1,12,0.002295173704624176,0.0017379943986094934,170,0.00042732208385132253,0.002742521240243842,40
capitalize_first_letter,payload_zero,cue1,13,0.007085589691996574,0.0014169206594646358,170,0.003774936543777585,0.002146508573532059,40
capitalize_first_letter,payload_zero,cue1,14,0.0013507639523595572,0.0012603800382707225,170,0.0005133450031280518,0.002108389253296977,40
capitalize_first_letter,payload_zero,cue1,15,0.008010320365428925,0.0011640291448532368,170,0.008120112121105194,0.002030804701865355,40
capitalize_first_letter,payload_zero,cue1,16,0.00810962077230215,0.0008320411697396869,170,0.0078088329173624516,0.0014744065829491184,40
capitalize_first_letter,payload_zero,cue1,17,0.006598684471100569,0.000745019641627185,170,0.005594889633357525,0.0012964640481468936,40
capitalize_first_letter,payload_zero,cue1,18,0.00618172949180007,0.0007602163427018798,170,0.004854106809943914,0.0012814066324518308,40
capitalize_first_letter,payload_zero,cue1,19,0.004129029810428619,0.0006131043733742696,170,0.0031539425253868103,0.0010797899067006432,40
capitalize_first_letter,payload_zero,cue1,20,0.0006288514705374837,0.00046205665618428597,170,0.0004524737596511841,0.0007771940758681933,40
capitalize_first_letter,payload_zero,cue1,21,0.00034539768239483237,0.00047525169732527315,170,0.0002924725413322449,0.0007530413797037759,40
capitalize_first_letter,payload_zero,cue1,22,0.0008135181851685047,0.0004217469194366449,170,0.00065688940230757,0.0006765186842834306,40
capitalize_first_letter,payload_zero,cue1,23,0.000438789400504902,0.000429470306754992,170,0.0002064243017230183,0.0006699969799490203,40
capitalize_first_letter,payload_zero,cue1,24,-0.000727335165720433,0.00037132098924285903,170,-0.00016445368237327784,0.0006811188577495631,40
capitalize_first_letter,payload_zero,cue1,25,-7.080365321598947e-05,0.00021704510165555945,170,-0.000328417110722512,0.00031835881899707754,40
capitalize_first_letter,payload_zero,cue1,26,0.00015422527212649584,0.00016312782024778045,170,-9.851455979514867e-05,0.0002801998687524217,40
capitalize_first_letter,payload_zero,cue1,27,0.0,0.0,170,0.0,0.0,40
capitalize_first_letter,payload_zero,target1,0,-3.3274614810943604,0.09086510433139774,170,-3.3499016761779785,0.1917278567146099,40
capitalize_first_letter,payload_zero,target1,1,-3.311231851577759,0.09221143810295711,170,-3.3406951427459717,0.19647305930233586,40
capitalize_first_letter,payload_zero,target1,2,-2.9800515174865723,0.0862552364322559,170,-3.00080943107605,0.18690669409292793,40
capitalize_first_letter,payload_zero,target1,3,-2.994163990020752,0.08702551043219026,170,-3.0363173484802246,0.19009825952956336,40
capitalize_first_letter,payload_zero,target1,4,-2.7349631786346436,0.08262613118591244,170,-2.7709662914276123,0.1829572246946616,40
capitalize_first_letter,payload_zero,target1,5,-2.693540334701538,0.08126660415894162,170,-2.7275943756103516,0.1817996729414749,40
capitalize_first_letter,payload_zero,target1,6,-2.6214230060577393,0.07941234376844349,170,-2.6672756671905518,0.1803374517121429,40
capitalize_first_letter,payload_zero,target1,7,-2.3389182090759277,0.07131784728408917,170,-2.371717929840088,0.1578409734968434,40
capitalize_first_letter,payload_zero,target1,8,-1.9899431467056274,0.05948643663365175,170,-1.9731212854385376,0.12745346349102724,40
capitalize_first_letter,payload_zero,target1,9,-1.696168065071106,0.05046294022381161,170,-1.6578664779663086,0.10669548049952886,40
capitalize_first_letter,payload_zero,target1,10,-1.4772374629974365,0.045753309187856035,170,-1.4423308372497559,0.0988491199944901,40
capitalize_first_letter,payload_zero,target1,11,-1.4961738586425781,0.0477845173736458,170,-1.4681682586669922,0.10539535760568619,40
capitalize_first_letter,payload_zero,target1,12,-0.568495512008667,0.02259929908489506,170,-0.544340968132019,0.050549743917103956,40
capitalize_first_letter,payload_zero,target1,13,-0.3686964511871338,0.020473863809520695,170,-0.35423755645751953,0.04268037864247628,40
capitalize_first_letter,payload_zero,target1,14,-0.43034106492996216,0.022661740760454737,170,-0.39542385935783386,0.04811095561102346,40
capitalize_first_letter,payload_zero,target1,15,-0.27783316373825073,0.019040780726456877,170,-0.2532747685909271,0.04208747099529768,40
capitalize_first_letter,payload_zero,target1,16,-0.22596009075641632,0.017022576080174358,170,-0.2113172560930252,0.036092725848994846,40
capitalize_first_letter,payload_zero,target1,17,-0.20370452105998993,0.01579982736294403,170,-0.19169582426548004,0.03353665656989128,40
capitalize_first_letter,payload_zero,target1,18,-0.2048933357000351,0.014599793125209795,170,-0.19046960771083832,0.03058288090952902,40
capitalize_first_letter,payload_zero,target1,19,-0.218449667096138,0.01457158831316028,170,-0.20492148399353027,0.030903166486947894,40
capitalize_first_letter,payload_zero,target1,20,-0.19084703922271729,0.01460734518963798,170,-0.17710348963737488,0.029932265783700132,40
capitalize_first_letter,payload_zero,target1,21,-0.1800721287727356,0.014266437138425462,170,-0.16527490317821503,0.02959679055557051,40
capitalize_first_letter,payload_zero,target1,22,-0.1769561469554901,0.013398147445156591,170,-0.1634465456008911,0.02737721197527383,40
capitalize_first_letter,payload_zero,target1,23,-0.18450316786766052,0.013460333118532262,170,-0.17228122055530548,0.02736567660535296,40
capitalize_first_letter,payload_zero,target1,24,-0.20502157509326935,0.013007900687311323,170,-0.18491582572460175,0.02615518372428188,40
capitalize_first_letter,payload_zero,target1,25,-0.0013783136382699013,0.0012855168241462866,170,-0.0003079921007156372,0.0012497568146435179,40
capitalize_first_letter,payload_zero,target1,26,4.862161222263239e-05,0.00012824090654905133,170,4.276037361705676e-05,0.0002833267372504741,40
capitalize_first_letter,payload_zero,target1,27,0.0,0.0,170,0.0,0.0,40
capitalize_first_letter,payload_zero,final_cue,0,-0.5805374979972839,0.029929862194836745,170,-0.5406423211097717,0.04886863810109132,40
capitalize_first_letter,payload_zero,final_cue,1,-0.5781142115592957,0.029965791644215273,170,-0.5418608784675598,0.049756503460768584,40
capitalize_first_letter,payload_zero,final_cue,2,-0.5562811493873596,0.029263929656489027,170,-0.5269811749458313,0.04928549470431014,40
capitalize_first_letter,payload_zero,final_cue,3,-0.6096242666244507,0.03009262929772146,170,-0.5753847360610962,0.050063594987624374,40
capitalize_first_letter,payload_zero,final_cue,4,-0.5990290641784668,0.029106758029911882,170,-0.5748093724250793,0.05097731597424437,40
capitalize_first_letter,payload_zero,final_cue,5,-0.5850488543510437,0.027601120042153243,170,-0.5585095286369324,0.04762072123803023,40
capitalize_first_letter,payload_zero,final_cue,6,-0.6002553701400757,0.0266417792863951,170,-0.6107767224311829,0.048551669884956884,40
capitalize_first_letter,payload_zero,final_cue,7,-0.6283442974090576,0.02809641569619184,170,-0.6414570808410645,0.05221978557928727,40
capitalize_first_letter,payload_zero,final_cue,8,-0.533545970916748,0.02523329412746685,170,-0.5612208843231201,0.04293165462328931,40
capitalize_first_letter,payload_zero,final_cue,9,-0.5235868692398071,0.023770749078771344,170,-0.5375291109085083,0.03969653939547386,40
capitalize_first_letter,payload_zero,final_cue,10,-0.43319252133369446,0.02018812651469532,170,-0.44036778807640076,0.034547075810655935,40
capitalize_first_letter,payload_zero,final_cue,11,-0.5363542437553406,0.023366039340396615,170,-0.5352882146835327,0.046979961596755875,40
capitalize_first_letter,payload_zero,final_cue,12,-0.3657363951206207,0.019107708154571128,170,-0.36928215622901917,0.03747478379683426,40
capitalize_first_letter,payload_zero,final_cue,13,-0.24132609367370605,0.013718866752706293,170,-0.24138085544109344,0.02628800069184298,40
capitalize_first_letter,payload_zero,final_cue,14,-0.33356741070747375,0.015212738925802676,170,-0.3104209005832672,0.02778845639484242,40
capitalize_first_letter,payload_zero,final_cue,15,-0.3088354766368866,0.013378904995281082,170,-0.28212684392929077,0.023988428467846684,40
capitalize_first_letter,payload_zero,final_cue,16,-0.2380332052707672,0.010716933714038356,170,-0.21970129013061523,0.019221553474030654,40
capitalize_first_letter,payload_zero,final_cue,17,-0.19543758034706116,0.009295677017582113,170,-0.17193178832530975,0.016821607510375692,40
capitalize_first_letter,payload_zero,final_cue,18,-0.17832699418067932,0.008675375154233176,170,-0.1573399305343628,0.017076919457012747,40
capitalize_first_letter,payload_zero,final_cue,19,-0.14811190962791443,0.007533584270527603,170,-0.1322302669286728,0.015782121305004473,40
capitalize_first_letter,payload_zero,final_cue,20,-0.13146081566810608,0.006908178935068487,170,-0.1100151538848877,0.01309654063922194,40
capitalize_first_letter,payload_zero,final_cue,21,-0.1280273199081421,0.006531644294204057,170,-0.11119677871465683,0.012811252280921651,40
capitalize_first_letter,payload_zero,final_cue,22,-0.11621160805225372,0.0062342577571394995,170,-0.10727705806493759,0.01291948472694695,40
capitalize_first_letter,payload_zero,final_cue,23,-0.1020323783159256,0.005633377202334807,170,-0.08886400610208511,0.0114304548361271,40
capitalize_first_letter,payload_zero,final_cue,24,-0.06703237444162369,0.005068493526055321,170,-0.06258872151374817,0.011116320984783268,40
capitalize_first_letter,payload_zero,final_cue,25,-0.043984632939100266,0.004625148029499713,170,-0.03998288884758949,0.009652113579625447,40
capitalize_first_letter,payload_zero,final_cue,26,-0.016971120610833168,0.0038405379072610065,170,-0.01237201876938343,0.007652383222916614,40
capitalize_first_letter,payload_zero,final_cue,27,-0.020144682377576828,0.004327994351564582,170,-0.017628885805606842,0.008555715661778521,40
capitalize_first_letter,payload_mean,cue1,0,0.019376348704099655,0.0023062198176837766,170,0.019972331821918488,0.00414597622726986,40
capitalize_first_letter,payload_mean,cue1,1,0.019274812191724777,0.002261980011693636,170,0.021727856248617172,0.004224682567509402,40
capitalize_first_letter,payload_mean,cue1,2,0.02107393369078636,0.0022743211169780953,170,0.021703537553548813,0.004195332284227798,40
capitalize_first_letter,payload_mean,cue1,3,0.019465789198875427,0.002229720879341611,170,0.01983587257564068,0.004118227784189431,40
capitalize_first_letter,payload_mean,cue1,4,0.019375668838620186,0.002124158693055013,170,0.01974601112306118,0.003901263992101913,40
capitalize_first_letter,payload_mean,cue1,5,0.019406050443649292,0.0020767637172903397,170,0.02059391513466835,0.004123921252615448,40
capitalize_first_letter,payload_mean,cue1,6,0.018402183428406715,0.0020249187035614943,170,0.018755044788122177,0.004012888604966178,40
capitalize_first_letter,payload_mean,cue1,7,0.016789831221103668,0.0018145836234361968,170,0.015575148165225983,0.003874384353690258,40
capitalize_first_letter,payload_mean,cue1,8,0.015005175955593586,0.001638327262614759,170,0.015231381170451641,0.003389802512225095,40
capitalize_first_letter,payload_mean,cue1,9,0.018905438482761383,0.0017898395551967003,170,0.018946673721075058,0.0035907311152276076,40
capitalize_first_letter,payload_mean,cue1,10,0.001572702545672655,0.0010849496130669366,170,0.00011041909601772204,0.0023972765244963936,40
capitalize_first_letter,payload_mean,cue1,11,-0.00041623396100476384,0.0007141708784501613,170,-0.0008342101937159896,0.0013747944462984042,40
capitalize_first_letter,payload_mean,cue1,12,0.0015484659234061837,0.0005801138419253887,170,0.0017094567883759737,0.0010624551183606766,40
capitalize_first_letter,payload_mean,cue1,13,0.001598177943378687,0.0005450425427250583,170,0.0009591206908226013,0.0008996097581112381,40
capitalize_first_letter,payload_mean,cue1,14,-0.00028639365336857736,0.0005144533174764908,170,-0.00028908997774124146,0.0009598813149471273,40
capitalize_first_letter,payload_mean,cue1,15,0.0012644578237086535,0.0004593615260487298,170,0.0020438283681869507,0.0008329535177450563,40
capitalize_first_letter,payload_mean,cue1,16,0.0013961427612230182,0.0003935370716298837,170,0.0020582720171660185,0.0007677493592159569,40
capitalize_first_letter,payload_mean,cue1,17,0.0009809854673221707,0.0003541700572105113,170,0.000987134873867035,0.0005832622219223736,40
capitalize_first_letter,payload_mean,cue1,18,0.0006205832469277084,0.00037769765078630253,170,0.00022291838831733912,0.0007288881681467583,40
capitalize_first_letter,payload_mean,cue1,19,-0.00013012920680921525,0.0003450072647551656,170,-0.0006850838544778526,0.0006121571558417709,40
capitalize_first_letter,payload_mean,cue1,20,-0.0007682337309233844,0.000298280508976926,170,-0.000671075307764113,0.00045155795017117167,40
capitalize_first_letter,payload_mean,cue1,21,-0.0008109001792035997,0.00030908192255453624,170,-0.0008114099618978798,0.0006612966374663864,40
capitalize_first_letter,payload_mean,cue1,22,-0.0005590912187471986,0.0002893039145386446,170,-0.0007209107279777527,0.0005607926139211639,40
capitalize_first_letter,payload_mean,cue1,23,-0.0005116003449074924,0.0002922377609964522,170,-0.00023571103520225734,0.0004981617002031945,40
capitalize_first_letter,payload_mean,cue1,24,-0.0003949105739593506,0.0002456359705700315,170,8.359402272617444e-05,0.00045208479184976626,40
capitalize_first_letter,payload_mean,cue1,25,-0.00037743765278719366,0.00019149940157718012,170,-9.411275095771998e-05,0.00022095263630239335,40
capitalize_first_letter,payload_mean,cue1,26,-0.00016874249558895826,0.00015134941619241013,170,2.0042061805725098e-06,0.00028335801053717426,40
capitalize_first_letter,payload_mean,cue1,27,0.0,0.0,170,0.0,0.0,40
capitalize_first_letter,payload_mean,target1,0,-1.612669825553894,0.05416753411416392,170,-1.6421226263046265,0.12523056754944611,40
capitalize_first_letter,payload_mean,target1,1,-1.6756932735443115,0.0560861836254072,170,-1.706394910812378,0.13064383203879018,40
capitalize_first_letter,payload_mean,target1,2,-1.5426721572875977,0.05221160885634229,170,-1.5633342266082764,0.12169184779385227,40
capitalize_first_letter,payload_mean,target1,3,-1.5858653783798218,0.05314827970441316,170,-1.6152340173721313,0.12424880767136885,40
capitalize_first_letter,payload_mean,target1,4,-1.4436352252960205,0.04936336512882888,170,-1.4754365682601929,0.11536806187514978,40
capitalize_first_letter,payload_mean,target1,5,-1.4134553670883179,0.048344764438940854,170,-1.4459689855575562,0.1133096297738375,40
capitalize_first_letter,payload_mean,target1,6,-1.3960907459259033,0.04719935581008585,170,-1.4410253763198853,0.11212575588977745,40
capitalize_first_letter,payload_mean,target1,7,-1.2366926670074463,0.04170439693148284,170,-1.274012804031372,0.09679784095344739,40
capitalize_first_letter,payload_mean,target1,8,-1.0882748365402222,0.03591346295642798,170,-1.095599889755249,0.07970655058368294,40
capitalize_first_letter,payload_mean,target1,9,-0.9331618547439575,0.030252198659039883,170,-0.930699348449707,0.06704404590833708,40
capitalize_first_letter,payload_mean,target1,10,-0.7676826119422913,0.025990130298474662,170,-0.7676951289176941,0.058081303800029356,40
capitalize_first_letter,payload_mean,target1,11,-0.8551025390625,0.030042631156891517,170,-0.8625842332839966,0.06921666780511193,40
capitalize_first_letter,payload_mean,target1,12,-0.3370034098625183,0.014069489172508337,170,-0.334080308675766,0.03237700554901676,40
capitalize_first_letter,payload_mean,target1,13,-0.23403732478618622,0.013591386808006303,170,-0.22969205677509308,0.028806978196301083,40
capitalize_first_letter,payload_mean,target1,14,-0.28551533818244934,0.015792753016877072,170,-0.2704463005065918,0.03372252775719873,40
capitalize_first_letter,payload_mean,target1,15,-0.18563127517700195,0.013417059606500055,170,-0.1722065657377243,0.029344228154827585,40
capitalize_first_letter,payload_mean,target1,16,-0.1555301398038864,0.012189437704838465,170,-0.14639106392860413,0.025762481657915337,40
capitalize_first_letter,payload_mean,target1,17,-0.14070869982242584,0.011437006142835833,170,-0.13428321480751038,0.02410432877772155,40
capitalize_first_letter,payload_mean,target1,18,-0.14341118931770325,0.010566410144177122,170,-0.1351214200258255,0.022124537929926177,40
capitalize_first_letter,payload_mean,target1,19,-0.1539788842201233,0.010674443065827776,170,-0.14604350924491882,0.02258648991310525,40
capitalize_first_letter,payload_mean,target1,20,-0.13543730974197388,0.010754496320206815,170,-0.1273779422044754,0.021833708070389393,40
capitalize_first_letter,payload_mean,target1,21,-0.12930528819561005,0.010596187541071245,170,-0.11988683044910431,0.02193996258687046,40
capitalize_first_letter,payload_mean,target1,22,-0.12835834920406342,0.009940280231107915,170,-0.12073719501495361,0.020234011902431442,40
capitalize_first_letter,payload_mean,target1,23,-0.1341431736946106,0.010042805677201757,170,-0.1277483105659485,0.020339088378683663,40
capitalize_first_letter,payload_mean,target1,24,-0.14805372059345245,0.010048363438901857,170,-0.13626280426979065,0.020148936193184586,40
capitalize_first_letter,payload_mean,target1,25,-0.0015993360430002213,0.0010574030209185433,170,-0.0007566735148429871,0.0008619082003923106,40
capitalize_first_letter,payload_mean,target1,26,4.044140223413706e-05,0.00013255282726348848,170,0.00033927112235687673,0.0002078595290614184,40
capitalize_first_letter,payload_mean,target1,27,0.0,0.0,170,0.0,0.0,40
capitalize_first_letter,payload_mean,final_cue,0,-0.11594825983047485,0.007859793910630726,170,-0.11943382024765015,0.013825865344901,40
capitalize_first_letter,payload_mean,final_cue,1,-0.11615952849388123,0.007819307850950266,170,-0.11907340586185455,0.013823220644587238,40
capitalize_first_letter,payload_mean,final_cue,2,-0.11628195643424988,0.007828239927151611,170,-0.12008553743362427,0.013988407801556597,40
capitalize_first_letter,payload_mean,final_cue,3,-0.11649515479803085,0.007821051294395363,170,-0.11877197027206421,0.013894110393398326,40
capitalize_first_letter,payload_mean,final_cue,4,-0.11718503385782242,0.007869046560995525,170,-0.12035693973302841,0.013800240613843124,40
capitalize_first_letter,payload_mean,final_cue,5,-0.11619099974632263,0.007889861595715643,170,-0.1160716563463211,0.013845738883561646,40
capitalize_first_letter,payload_mean,final_cue,6,-0.11982347071170807,0.0077993939667751885,170,-0.12265084683895111,0.013862920600299377,40
capitalize_first_letter,payload_mean,final_cue,7,-0.12096548825502396,0.00775839533129327,170,-0.12452928721904755,0.013809344508731652,40
capitalize_first_letter,payload_mean,final_cue,8,-0.11662165820598602,0.007758169043648479,170,-0.11839230358600616,0.013657879164347903,40
capitalize_first_letter,payload_mean,final_cue,9,-0.11502263695001602,0.007676363774322647,170,-0.11513922363519669,0.012716917175476055,40
capitalize_first_letter,payload_mean,final_cue,10,-0.10606568306684494,0.00726582427192731,170,-0.103179432451725,0.013465092880897122,40
capitalize_first_letter,payload_mean,final_cue,11,-0.12229850143194199,0.007593616211243632,170,-0.11390823125839233,0.014068572261089393,40
capitalize_first_letter,payload_mean,final_cue,12,-0.10430917143821716,0.00746163565671946,170,-0.09685655683279037,0.013728600453406263,40
capitalize_first_letter,payload_mean,final_cue,13,-0.08234669268131256,0.006120840789556463,170,-0.07539782673120499,0.011520829370323312,40
capitalize_first_letter,payload_mean,final_cue,14,-0.09605501592159271,0.005987290507354914,170,-0.08236948400735855,0.010764611184259908,40
capitalize_first_letter,payload_mean,final_cue,15,-0.09320936352014542,0.005758156552566909,170,-0.08068547397851944,0.010874340919416072,40
capitalize_first_letter,payload_mean,final_cue,16,-0.08262485265731812,0.005283127928573291,170,-0.07271607220172882,0.009922888482306344,40
capitalize_first_letter,payload_mean,final_cue,17,-0.07150667160749435,0.004948879362745614,170,-0.06096391752362251,0.009073043192974882,40
capitalize_first_letter,payload_mean,final_cue,18,-0.06682204455137253,0.0047328280909971895,170,-0.05716581270098686,0.009057883582289967,40
capitalize_first_letter,payload_mean,final_cue,19,-0.05982477590441704,0.004460552625303107,170,-0.05371847003698349,0.008827693932553185,40
capitalize_first_letter,payload_mean,final_cue,20,-0.056267838925123215,0.004498099517051788,170,-0.04897332936525345,0.008782366478667846,40
capitalize_first_letter,payload_mean,final_cue,21,-0.05578399449586868,0.004427627772985976,170,-0.04904238134622574,0.008806991053571432,40
capitalize_first_letter,payload_mean,final_cue,22,-0.0513937883079052,0.004387072284141775,170,-0.048132866621017456,0.008871107071066649,40
capitalize_first_letter,payload_mean,final_cue,23,-0.046525437384843826,0.004166372115589816,170,-0.04147111251950264,0.007673800583297163,40
capitalize_first_letter,payload_mean,final_cue,24,-0.03231704980134964,0.003975044483335178,170,-0.0326242633163929,0.00805462800415693,40
capitalize_first_letter,payload_mean,final_cue,25,-0.028708789497613907,0.003879717670082898,170,-0.027704298496246338,0.007679711400145402,40
capitalize_first_letter,payload_mean,final_cue,26,-0.01734546758234501,0.0037293723874569536,170,-0.014172176830470562,0.007326856544519603,40
capitalize_first_letter,payload_mean,final_cue,27,-0.016087030991911888,0.0038605546494564448,170,-0.013128924183547497,0.007837742551744629,40
capitalize_first_letter,payload_cf_zero,cue1,0,-0.0812266394495964,0.009330185883412782,170,-0.07010934501886368,0.022549563064091817,40
capitalize_first_letter,payload_cf_zero,cue1,1,-0.0838814228773117,0.00881219346431493,170,-0.0696636214852333,0.021265866763200195,40
capitalize_first_letter,payload_cf_zero,cue1,2,-0.08736291527748108,0.0089268018706338,170,-0.07282290607690811,0.020056709779748626,40
capitalize_first_letter,payload_cf_zero,cue1,3,-0.08138305693864822,0.008628245609304374,170,-0.07346232980489731,0.01972344573312855,40
capitalize_first_letter,payload_cf_zero,cue1,4,-0.056979674845933914,0.008592836164362112,170,-0.053311120718717575,0.02039622568586319,40
capitalize_first_letter,payload_cf_zero,cue1,5,-0.06260523200035095,0.008193444185639977,170,-0.06234245374798775,0.020086320998940917,40
capitalize_first_letter,payload_cf_zero,cue1,6,-0.02714565023779869,0.007562904520664574,170,-0.030378561466932297,0.018123736606728082,40
capitalize_first_letter,payload_cf_zero,cue1,7,-0.03327261283993721,0.00587753071382911,170,-0.029708299785852432,0.013408033324372699,40
capitalize_first_letter,payload_cf_zero,cue1,8,-0.03987620398402214,0.004853668836199685,170,-0.04063466936349869,0.010608623343437614,40
capitalize_first_letter,payload_cf_zero,cue1,9,-0.018096420913934708,0.00410306214690827,170,-0.01624203845858574,0.008433551712006878,40
capitalize_first_letter,payload_cf_zero,cue1,10,-0.009334145113825798,0.003788373747952323,170,-0.0033939809072762728,0.007161523899581983,40
capitalize_first_letter,payload_cf_zero,cue1,11,-0.004373622126877308,0.0026232000933350424,170,0.002341110957786441,0.005582872242272153,40
capitalize_first_letter,payload_cf_zero,cue1,12,-0.0007492812001146376,0.002127545436233717,170,0.004207094199955463,0.004346020711080623,40
capitalize_first_letter,payload_cf_zero,cue1,13,-0.0027003088034689426,0.0018871070992914608,170,-0.0005504951113834977,0.004157273338554444,40
capitalize_first_letter,payload_cf_zero,cue1,14,-0.0011366013204678893,0.0016251452930138592,170,0.0008838906651362777,0.003120816463631702,40
capitalize_first_letter,payload_cf_zero,cue1,15,-0.0017479293746873736,0.0014113434690273558,170,-0.0007094413158483803,0.0025779599171460595,40
capitalize_first_letter,payload_cf_zero,cue1,16,-0.003343502525240183,0.0010552301452384453,170,-0.002622823463752866,0.002154156999717847,40
capitalize_first_letter,payload_cf_zero,cue1,17,-0.0013393079861998558,0.0010642561508125488,170,-0.0007062569493427873,0.0022669843916557648,40
capitalize_first_letter,payload_cf_zero,cue1,18,-0.004282699432224035,0.0011285511278974008,170,-0.0022094682790338993,0.002406092388548969,40
capitalize_first_letter,payload_cf_zero,cue1,19,-0.0031556556932628155,0.0010030944147437224,170,-0.0013053938746452332,0.002294791736747637,40
capitalize_first_letter,payload_cf_zero,cue1,20,-0.0074110450223088264,0.0009129637886783069,170,-0.004546315874904394,0.0022091401130839004,40
capitalize_first_letter,payload_cf_zero,cue1,21,-0.007714459672570229,0.0008662123184035086,170,-0.005717925727367401,0.002016290657225848,40
capitalize_first_letter,payload_cf_zero,cue1,22,-0.007255506701767445,0.0008242585319158617,170,-0.00528313685208559,0.0018848098817943126,40
capitalize_first_letter,payload_cf_zero,cue1,23,-0.005198631435632706,0.0007261638379073757,170,-0.0031699524261057377,0.0016130832698635358,40
capitalize_first_letter,payload_cf_zero,cue1,24,-0.0037507163360714912,0.0006536546478882726,170,-0.0011689960956573486,0.0013729266635155676,40
capitalize_first_letter,payload_cf_zero,cue1,25,0.0004633023345377296,0.0002865171943360008,170,0.0006263985997065902,0.0005253089378155834,40
capitalize_first_letter,payload_cf_zero,cue1,26,-7.137445936677977e-05,0.0002639265194675378,170,-0.00011497885134303942,0.000456167069380292,40
capitalize_first_letter,payload_cf_zero,cue1,27,0.0,0.0,170,0.0,0.0,40
capitalize_first_letter,payload_cf_zero,target1,0,0.1107417419552803,0.011358021469001642,170,0.09239436686038971,0.01881924095547718,40
capitalize_first_letter,payload_cf_zero,target1,1,0.11862290650606155,0.011809671036400954,170,0.1024099588394165,0.01975763599469037,40
capitalize_first_letter,payload_cf_zero,target1,2,0.11633987724781036,0.011808951030258436,170,0.09976169466972351,0.018991195953561264,40
capitalize_first_letter,payload_cf_zero,target1,3,0.1107691153883934,0.011552096267550055,170,0.09246432781219482,0.019485031595534073,40
capitalize_first_letter,payload_cf_zero,target1,4,0.12280713021755219,0.011863745783437818,170,0.10248088836669922,0.020206530579972903,40
capitalize_first_letter,payload_cf_zero,target1,5,0.09663213789463043,0.010594456097728525,170,0.08652911335229874,0.019049308678050277,40
capitalize_first_letter,payload_cf_zero,target1,6,0.10461479425430298,0.009367198770605763,170,0.09512950479984283,0.017361708326256005,40
capitalize_first_letter,payload_cf_zero,target1,7,0.10610578209161758,0.009171535387076242,170,0.09143933653831482,0.015558791972540379,40
capitalize_first_letter,payload_cf_zero,target1,8,0.09941992163658142,0.00724918584426724,170,0.0877797082066536,0.013683038569515384,40
capitalize_first_letter,payload_cf_zero,target1,9,0.09001433104276657,0.006755849635516494,170,0.07946950197219849,0.013709735317181511,40
capitalize_first_letter,payload_cf_zero,target1,10,0.07362039387226105,0.005988048799538344,170,0.0689362958073616,0.012630354779460392,40
capitalize_first_letter,payload_cf_zero,target1,11,0.01622929237782955,0.005126991739401098,170,0.015457835979759693,0.010414199584068737,40
capitalize_first_letter,payload_cf_zero,target1,12,0.022610804066061974,0.00405705118295088,170,0.020764563232660294,0.009586283513597258,40
capitalize_first_letter,payload_cf_zero,target1,13,0.0036679909098893404,0.0036408884897258242,170,0.0019920007325708866,0.00842177013167818,40
capitalize_first_letter,payload_cf_zero,target1,14,-0.010122368112206459,0.003288850057843496,170,-0.006017307750880718,0.006770433981268618,40
capitalize_first_letter,payload_cf_zero,target1,15,0.00039624536293558776,0.0030977132843599694,170,0.002427636180073023,0.007025127456785527,40
capitalize_first_letter,payload_cf_zero,target1,16,0.012386709451675415,0.0027052813650155056,170,0.014561465010046959,0.005911465359384851,40
capitalize_first_letter,payload_cf_zero,target1,17,0.00997079350054264,0.002558266396515429,170,0.009892147965729237,0.005675026206234038,40
capitalize_first_letter,payload_cf_zero,target1,18,0.008151888847351074,0.0024793022942853106,170,0.009683964774012566,0.005410523778751636,40
capitalize_first_letter,payload_cf_zero,target1,19,0.004242409486323595,0.00229867475331531,170,0.005581161472946405,0.004824737679266472,40
capitalize_first_letter,payload_cf_zero,target1,20,0.011248691938817501,0.00238004616179693,170,0.012012152001261711,0.005293960821248045,40
capitalize_first_letter,payload_cf_zero,target1,21,0.013440542854368687,0.002406649388754427,170,0.015182586386799812,0.005510107642436857,40
capitalize_first_letter,payload_cf_zero,target1,22,0.014711915515363216,0.0025029027813401137,170,0.014530685730278492,0.005934689244456338,40
capitalize_first_letter,payload_cf_zero,target1,23,0.02018916793167591,0.0025208689346129924,170,0.02088858373463154,0.00588785861123899,40
capitalize_first_letter,payload_cf_zero,target1,24,0.027156930416822433,0.0027087996807452527,170,0.027463460341095924,0.006510742670080826,40
capitalize_first_letter,payload_cf_zero,target1,25,0.0005617807619273663,0.0003687286456984817,170,0.00044784991769120097,0.0005595142930178364,40
capitalize_first_letter,payload_cf_zero,target1,26,-2.8185633709654212e-05,0.00014574761840234281,170,0.00011996179819107056,0.00032249020607964335,40
capitalize_first_letter,payload_cf_zero,target1,27,0.0,0.0,170,0.0,0.0,40
capitalize_first_letter,payload_cf_zero,final_cue,0,-0.2822100818157196,0.021326732799803863,170,-0.22859951853752136,0.036335969951527596,40
capitalize_first_letter,payload_cf_zero,final_cue,1,-0.3008466958999634,0.02154289235819039,170,-0.24683599174022675,0.0368017128681631,40
capitalize_first_letter,payload_cf_zero,final_cue,2,-0.3090214133262634,0.02181982500647298,170,-0.25585708022117615,0.037239029674076524,40
capitalize_first_letter,payload_cf_zero,final_cue,3,-0.3002621531486511,0.021832174826117497,170,-0.24455663561820984,0.03787906364256991,40
capitalize_first_letter,payload_cf_zero,final_cue,4,-0.29679158329963684,0.021955597593347746,170,-0.23162898421287537,0.03778559321865229,40
capitalize_first_letter,payload_cf_zero,final_cue,5,-0.2754858732223511,0.021872492884364703,170,-0.22127652168273926,0.03944046643484897,40
capitalize_first_letter,payload_cf_zero,final_cue,6,-0.3048444390296936,0.021015264999752068,170,-0.25983014702796936,0.037876394203411344,40
capitalize_first_letter,payload_cf_zero,final_cue,7,-0.30706503987312317,0.02045181790715694,170,-0.258165568113327,0.037154293240415574,40
capitalize_first_letter,payload_cf_zero,final_cue,8,-0.2873917520046234,0.019086066827087453,170,-0.24980154633522034,0.03580633013287944,40
capitalize_first_letter,payload_cf_zero,final_cue,9,-0.27258315682411194,0.01810079670726353,170,-0.21797876060009003,0.03185460125345419,40
capitalize_first_letter,payload_cf_zero,final_cue,10,-0.315250039100647,0.0178297978238888,170,-0.2582353949546814,0.030446779565809892,40
capitalize_first_letter,payload_cf_zero,final_cue,11,-0.28694474697113037,0.0165663401879339,170,-0.23712308704853058,0.028062543946646833,40
capitalize_first_letter,payload_cf_zero,final_cue,12,-0.14572186768054962,0.01288554421489214,170,-0.11812839657068253,0.024485728726132534,40
capitalize_first_letter,payload_cf_zero,final_cue,13,-0.04327043145895004,0.011646210213312259,170,-0.04138493537902832,0.024870047858230604,40
capitalize_first_letter,payload_cf_zero,final_cue,14,-0.09167281538248062,0.011506292448217001,170,-0.0693858191370964,0.023624831063374034,40
capitalize_first_letter,payload_cf_zero,final_cue,15,-0.017149774357676506,0.010697663835357418,170,0.0021610960830003023,0.022852404221801924,40
capitalize_first_letter,payload_cf_zero,final_cue,16,-0.010397257283329964,0.009619093490999023,170,0.0025377944111824036,0.020749395078230093,40
capitalize_first_letter,payload_cf_zero,final_cue,17,0.02192455530166626,0.008758226718199444,170,0.030697351321578026,0.018968185293771197,40
capitalize_first_letter,payload_cf_zero,final_cue,18,-0.027693254873156548,0.008060335621492528,170,-0.015402165241539478,0.016942883217814786,40
capitalize_first_letter,payload_cf_zero,final_cue,19,-0.01784643344581127,0.008013821510385545,170,-0.008865134790539742,0.017850338208457543,40
capitalize_first_letter,payload_cf_zero,final_cue,20,-0.01508067362010479,0.00815387013374004,170,-0.011902235448360443,0.017093386103331568,40
capitalize_first_letter,payload_cf_zero,final_cue,21,-0.0248048584908247,0.008156865587866293,170,-0.023234743624925613,0.01706238833078992,40
capitalize_first_letter,payload_cf_zero,final_cue,22,-0.026972034946084023,0.007659581916867521,170,-0.022123608738183975,0.015455785312970243,40
capitalize_first_letter,payload_cf_zero,final_cue,23,-0.039210010319948196,0.007813557516178715,170,-0.030121108517050743,0.015815420968153283,40
capitalize_first_letter,payload_cf_zero,final_cue,24,-0.05944216251373291,0.007654560159740183,170,-0.04345162585377693,0.014136779612299394,40
capitalize_first_letter,payload_cf_zero,final_cue,25,-0.08289019763469696,0.008269759122412387,170,-0.06690056622028351,0.014379717424372641,40
capitalize_first_letter,payload_cf_zero,final_cue,26,-0.0823182687163353,0.008439853144947388,170,-0.061511337757110596,0.013706414421776392,40
capitalize_first_letter,payload_cf_zero,final_cue,27,-0.1495627611875534,0.008289845579488293,170,-0.12723591923713684,0.014923189791387913,40
capitalize_first_letter,payload_cf_mean,cue1,0,0.009269393980503082,0.001677841742577904,170,0.007086378522217274,0.0031264363045434155,40
capitalize_first_letter,payload_cf_mean,cue1,1,0.009151405654847622,0.001644820175149963,170,0.007841008715331554,0.002798452528739088,40
capitalize_first_letter,payload_cf_mean,cue1,2,0.009449292905628681,0.0017026899545630144,170,0.007201197557151318,0.0028450387186089495,40
capitalize_first_letter,payload_cf_mean,cue1,3,0.00844009593129158,0.0015478616336913665,170,0.007326076738536358,0.0028391859202419813,40
capitalize_first_letter,payload_cf_mean,cue1,4,0.0076700784265995026,0.0015361048191058946,170,0.0060492875054478645,0.0031384116724897577,40
capitalize_first_letter,payload_cf_mean,cue1,5,0.005991323385387659,0.001399534939714981,170,0.004863669164478779,0.0030448281567101673,40
capitalize_first_letter,payload_cf_mean,cue1,6,0.0023372850846499205,0.001207543730370661,170,0.0010724395979195833,0.002226983446665157,40
capitalize_first_letter,payload_cf_mean,cue1,7,0.004373703617602587,0.0012173619569890762,170,0.0014030113816261292,0.002001628915792649,40
capitalize_first_letter,payload_cf_mean,cue1,8,0.0022456904407590628,0.001027651624246232,170,-0.0008066862937994301,0.0020154109556849566,40
capitalize_first_letter,payload_cf_mean,cue1,9,0.0037459812592715025,0.0008752197523906027,170,0.0016261532437056303,0.0014277854936374772,40
capitalize_first_letter,payload_cf_mean,cue1,10,0.0016953148879110813,0.0007726696632293844,170,-4.920363426208496e-05,0.001384957693862723,40
capitalize_first_letter,payload_cf_mean,cue1,11,0.0003389099147170782,0.00044389353694533634,170,0.00023334920115303248,0.0009690013342612877,40
capitalize_first_letter,payload_cf_mean,cue1,12,-0.0002669351815711707,0.00037290939565101747,170,1.2873113519162871e-05,0.0007818329774068491,40
capitalize_first_letter,payload_cf_mean,cue1,13,-0.0006354345823638141,0.000364542752844928,170,-0.0001382350892527029,0.0007448408944157446,40
capitalize_first_letter,payload_cf_mean,cue1,14,-0.0004618725215550512,0.0003117366237737566,170,5.631595922750421e-05,0.0006428111247053796,40
capitalize_first_letter,payload_cf_mean,cue1,15,-0.000629549496807158,0.0003092140665390261,170,-0.0002882853150367737,0.0007038526044583344,40
capitalize_first_letter,payload_cf_mean,cue1,16,-0.0009214278543367982,0.00030284140502970767,170,-0.0007664516451768577,0.0005057933761294785,40
capitalize_first_letter,payload_cf_mean,cue1,17,-0.0011153757805004716,0.00032304511310590387,170,-0.0009862423175945878,0.0006191207357032702,40
capitalize_first_letter,payload_cf_mean,cue1,18,-0.0009233120363205671,0.0003054150698433044,170,-0.000894923519808799,0.000594910241940125,40
capitalize_first_letter,payload_cf_mean,cue1,19,-0.001274067908525467,0.00028557202555828953,170,-0.0012328490847721696,0.0005146273893643292,40
capitalize_first_letter,payload_cf_mean,cue1,20,-0.00025813368847593665,0.00026963299672207533,170,1.9444525605649687e-05,0.0005210457942961725,40
capitalize_first_letter,payload_cf_mean,cue1,21,-0.0002348584239371121,0.0002936692374943813,170,0.0004323393222875893,0.0006363424321812674,40
capitalize_first_letter,payload_cf_mean,cue1,22,-0.0003258628130424768,0.0002749249882976948,170,0.00018586516671348363,0.0005361670082323787,40
capitalize_first_letter,payload_cf_mean,cue1,23,-0.0006434068782255054,0.00026466911508848517,170,-0.00013755261898040771,0.00048694970232514496,40
capitalize_first_letter,payload_cf_mean,cue1,24,-0.0001799103047233075,0.00024624042215530133,170,-1.6294419765472412e-05,0.0004281700966253331,40
capitalize_first_letter,payload_cf_mean,cue1,25,-0.00016009317187126726,0.00020642779679147492,170,1.5872716176090762e-05,0.0002903588091071536,40
capitalize_first_letter,payload_cf_mean,cue1,26,-0.0005292145651765168,0.000217631695945628,170,-0.000297899532597512,0.00041456943811451086,40
capitalize_first_letter,payload_cf_mean,cue1,27,0.0,0.0,170,0.0,0.0,40
capitalize_first_letter,payload_cf_mean,target1,0,-0.07879587262868881,0.009970531917762588,170,-0.06563857942819595,0.016706662591126423,40
capitalize_first_letter,payload_cf_mean,target1,1,-0.08849523961544037,0.010315444574567777,170,-0.07629270851612091,0.016948348146436407,40
capitalize_first_letter,payload_cf_mean,target1,2,-0.08087829500436783,0.009890160946387326,170,-0.0704125165939331,0.017299586730868226,40
capitalize_first_letter,payload_cf_mean,target1,3,-0.05822243541479111,0.009549531183263226,170,-0.050541192293167114,0.01708823453341082,40
capitalize_first_letter,payload_cf_mean,target1,4,-0.06773797422647476,0.009927970411804649,170,-0.05587884038686752,0.016594416562041442,40
capitalize_first_letter,payload_cf_mean,target1,5,-0.05625386908650398,0.009008293422997533,170,-0.05794272944331169,0.017733980818973885,40
capitalize_first_letter,payload_cf_mean,target1,6,-0.04709987714886665,0.007602808861096554,170,-0.045422401279211044,0.014797947622498295,40
capitalize_first_letter,payload_cf_mean,target1,7,-0.050294023007154465,0.007461406511907437,170,-0.043746426701545715,0.013575179562242627,40
capitalize_first_letter,payload_cf_mean,target1,8,-0.05119160935282707,0.007111201809954743,170,-0.03995644301176071,0.012571376195403177,40
capitalize_first_letter,payload_cf_mean,target1,9,-0.049188513308763504,0.006565625155530213,170,-0.03860392048954964,0.010256197294455116,40
capitalize_first_letter,payload_cf_mean,target1,10,-0.04397458955645561,0.005727219145776506,170,-0.03948191553354263,0.00957794534485748,40
capitalize_first_letter,payload_cf_mean,target1,11,0.026476040482521057,0.007434972572108448,170,0.020833903923630714,0.011947371820303707,40
capitalize_first_letter,payload_cf_mean,target1,12,0.013103782199323177,0.003864771542574468,170,0.014991645701229572,0.006696185050744975,40
capitalize_first_letter,payload_cf_mean,target1,13,0.015618410892784595,0.003457793784850808,170,0.01712730899453163,0.005781273065453617,40
capitalize_first_letter,payload_cf_mean,target1,14,0.018652137368917465,0.003550863150272916,170,0.017908472567796707,0.006151723718957587,40
capitalize_first_letter,payload_cf_mean,target1,15,0.015172461979091167,0.0030496537314970832,170,0.013882528059184551,0.0062384327809817414,40
capitalize_first_letter,payload_cf_mean,target1,16,0.014258908107876778,0.0027166097473745074,170,0.015892300754785538,0.005544726121621864,40
capitalize_first_letter,payload_cf_mean,target1,17,0.014548969455063343,0.00268052229664804,170,0.014840943738818169,0.005697983854213805,40
capitalize_first_letter,payload_cf_mean,target1,18,0.01356601994484663,0.0025721996582400396,170,0.01516595296561718,0.005656674106528948,40
capitalize_first_letter,payload_cf_mean,target1,19,0.015121645294129848,0.002322933817417138,170,0.016041511669754982,0.004738270115489231,40
capitalize_first_letter,payload_cf_mean,target1,20,0.019406596198678017,0.0024393219532049533,170,0.01972566917538643,0.004937044671933297,40
capitalize_first_letter,payload_cf_mean,target1,21,0.01958342269062996,0.0023957634387413336,170,0.019380424171686172,0.005022647554182565,40
capitalize_first_letter,payload_cf_mean,target1,22,0.022526420652866364,0.002363485306227215,170,0.022228140383958817,0.005056929113862121,40
capitalize_first_letter,payload_cf_mean,target1,23,0.024039778858423233,0.002346668305615132,170,0.024075843393802643,0.004955890370494273,40
capitalize_first_letter,payload_cf_mean,target1,24,0.02610768750309944,0.0023934171330102405,170,0.026240652427077293,0.005040621502974195,40
capitalize_first_letter,payload_cf_mean,target1,25,-0.0002735036250669509,0.00027809130102443325,170,-0.0007526859408244491,0.0004875174072741777,40
capitalize_first_letter,payload_cf_mean,target1,26,-1.5500713743676897e-06,0.000123408856397285,170,0.00016815215349197388,0.00010652036702833621,40
capitalize_first_letter,payload_cf_mean,target1,27,0.0,0.0,170,0.0,0.0,40
capitalize_first_letter,payload_cf_mean,final_cue,0,-0.12964704632759094,0.008238413712141224,170,-0.11707830429077148,0.014423667749230458,40
capitalize_first_letter,payload_cf_mean,final_cue,1,-0.13033388555049896,0.00825722130116399,170,-0.11781022697687149,0.014418821291728983,40
capitalize_first_letter,payload_cf_mean,final_cue,2,-0.1304442286491394,0.008285455256319274,170,-0.11795954406261444,0.014443072427880023,40
capitalize_first_letter,payload_cf_mean,final_cue,3,-0.13065768778324127,0.008245586344760972,170,-0.11877057701349258,0.014409471186432625,40
capitalize_first_letter,payload_cf_mean,final_cue,4,-0.13195592164993286,0.008271821997154045,170,-0.11979655176401138,0.014637740041576272,40
capitalize_first_letter,payload_cf_mean,final_cue,5,-0.13153871893882751,0.008317319528159806,170,-0.11697611957788467,0.014406765228026964,40
capitalize_first_letter,payload_cf_mean,final_cue,6,-0.12674377858638763,0.0082995708053133,170,-0.11176154762506485,0.014597579472134655,40
capitalize_first_letter,payload_cf_mean,final_cue,7,-0.13176609575748444,0.008366651377591197,170,-0.11661629378795624,0.015421783537845037,40
capitalize_first_letter,payload_cf_mean,final_cue,8,-0.13022948801517487,0.008305019423225129,170,-0.11352666467428207,0.014819632987030906,40
capitalize_first_letter,payload_cf_mean,final_cue,9,-0.1289210170507431,0.00823135479477732,170,-0.11484849452972412,0.014508858906419744,40
capitalize_first_letter,payload_cf_mean,final_cue,10,-0.12710435688495636,0.007881032948968105,170,-0.11363844573497772,0.013902324867914073,40
capitalize_first_letter,payload_cf_mean,final_cue,11,-0.13026005029678345,0.007898902244271812,170,-0.11959484964609146,0.014150886644039835,40
capitalize_first_letter,payload_cf_mean,final_cue,12,-0.12820515036582947,0.007946797510018845,170,-0.11744837462902069,0.01372743065945902,40
capitalize_first_letter,payload_cf_mean,final_cue,13,-0.1382678598165512,0.007980178937659684,170,-0.13032162189483643,0.013968857045918655,40
capitalize_first_letter,payload_cf_mean,final_cue,14,-0.141340434551239,0.007805575162365358,170,-0.13274231553077698,0.013923223301573816,40
capitalize_first_letter,payload_cf_mean,final_cue,15,-0.140738382935524,0.007786555000100516,170,-0.1297384798526764,0.014162132216064407,40
capitalize_first_letter,payload_cf_mean,final_cue,16,-0.1422170102596283,0.007710155491178031,170,-0.1286579668521881,0.01378073344569365,40
capitalize_first_letter,payload_cf_mean,final_cue,17,-0.14233963191509247,0.007685970713424241,170,-0.12828141450881958,0.013594459368627935,40
capitalize_first_letter,payload_cf_mean,final_cue,18,-0.1398872584104538,0.007441286340258193,170,-0.12470264732837677,0.013373977359396966,40
capitalize_first_letter,payload_cf_mean,final_cue,19,-0.14120590686798096,0.0074437480755454675,170,-0.12477626651525497,0.013364264417710124,40
capitalize_first_letter,payload_cf_mean,final_cue,20,-0.14161498844623566,0.007430176531192456,170,-0.12559668719768524,0.01321103554710379,40
capitalize_first_letter,payload_cf_mean,final_cue,21,-0.1394231617450714,0.00739974712873594,170,-0.12283392995595932,0.012741185982230528,40
capitalize_first_letter,payload_cf_mean,final_cue,22,-0.13969287276268005,0.0075241373327910145,170,-0.12250401824712753,0.013222045511082593,40
capitalize_first_letter,payload_cf_mean,final_cue,23,-0.13665004074573517,0.007268588295507753,170,-0.1200837716460228,0.012814713363114003,40
capitalize_first_letter,payload_cf_mean,final_cue,24,-0.13503412902355194,0.007188532755394929,170,-0.11951117217540741,0.012942509523219762,40
capitalize_first_letter,payload_cf_mean,final_cue,25,-0.1319347321987152,0.006964423986334941,170,-0.11846139281988144,0.012252233317006287,40
capitalize_first_letter,payload_cf_mean,final_cue,26,-0.12889540195465088,0.007065063130622074,170,-0.1123013123869896,0.012391789852716623,40
capitalize_first_letter,payload_cf_mean,final_cue,27,-0.12095251679420471,0.007020496464700568,170,-0.10175196826457977,0.012640186703210347,40
landmark-country,payload_zero,cue1,0,-0.10934308171272278,0.009115035476492674,170,-0.09209467470645905,0.02058630718894854,40
landmark-country,payload_zero,cue1,1,-0.1119283139705658,0.009260222429397582,170,-0.09532253444194794,0.021916686868028903,40
landmark-country,payload_zero,cue1,2,-0.11518415808677673,0.008990095553462123,170,-0.09806614369153976,0.020365596639913174,40
landmark-country,payload_zero,cue1,3,-0.12083322554826736,0.008734009940172652,170,-0.107256218791008,0.019531405149142627,40
landmark-country,payload_zero,cue1,4,-0.11395755410194397,0.008662284185408622,170,-0.09727264940738678,0.02038060722850914,40
landmark-country,payload_zero,cue1,5,-0.11231907457113266,0.007843381770615448,170,-0.10560788959264755,0.01774818680609355,40
landmark-country,payload_zero,cue1,6,-0.07977508008480072,0.007134771725320161,170,-0.07742471992969513,0.01648286557669148,40
landmark-country,payload_zero,cue1,7,-0.08373109251260757,0.0068588447999033105,170,-0.07272276282310486,0.015270309947179686,40
landmark-country,payload_zero,cue1,8,-0.04289825260639191,0.00536586692015061,170,-0.03507938235998154,0.012172818091059037,40
landmark-country,payload_zero,cue1,9,-0.02567301318049431,0.004819307971631645,170,-0.021829871460795403,0.01073937638451778,40
landmark-country,payload_zero,cue1,10,-0.037378180772066116,0.004056448606381606,170,-0.0318123959004879,0.00881040501415463,40
landmark-country,payload_zero,cue1,11,-0.010838652029633522,0.00201684877757247,170,-0.009135490283370018,0.005041421392289582,40
landmark-country,payload_zero,cue1,12,0.004582813009619713,0.0014451763290908837,170,0.005754111800342798,0.003922630696752622,40
landmark-country,payload_zero,cue1,13,0.012923947535455227,0.0012051281383341865,170,0.010893108323216438,0.002937915410251232,40
landmark-country,payload_zero,cue1,14,0.008186720311641693,0.0011473731456146893,170,0.009081452153623104,0.0030956164160763256,40
landmark-country,payload_zero,cue1,15,0.007172517012804747,0.0010047024998911928,170,0.006728237960487604,0.002695198186210837,40
landmark-country,payload_zero,cue1,16,0.007646060083061457,0.0009862110564226713,170,0.006290742661803961,0.00272793798574089,40
landmark-country,payload_zero,cue1,17,0.00503725279122591,0.000720633505012704,170,0.0036346972920000553,0.0016190329620393267,40
landmark-country,payload_zero,cue1,18,0.0030681476928293705,0.0007009149082179472,170,0.0017330650007352233,0.001478681543684575,40
landmark-country,payload_zero,cue1,19,0.002507551806047559,0.0006549517303825166,170,0.0008916662773117423,0.0012817194021325896,40
landmark-country,payload_zero,cue1,20,0.0037201684899628162,0.0005365170414208577,170,0.0017057334771379828,0.0009119059211373982,40
landmark-country,payload_zero,cue1,21,0.0033945252653211355,0.0005116066146192657,170,0.0014531975612044334,0.0008556741587562818,40
landmark-country,payload_zero,cue1,22,0.0045120068825781345,0.0005253807678436321,170,0.00208194344304502,0.0008825346540142179,40
landmark-country,payload_zero,cue1,23,0.006040243431925774,0.0005234613943262121,170,0.004496320616453886,0.0009744187731361828,40
landmark-country,payload_zero,cue1,24,0.002949619898572564,0.0003780698682474791,170,0.002256788546219468,0.0007259333487427533,40
landmark-country,payload_zero,cue1,25,0.00417383061721921,0.0004239221522797095,170,0.002719441195949912,0.0008438679132102934,40
landmark-country,payload_zero,cue1,26,0.00223491876386106,0.00030272922550125293,170,0.0014780147466808558,0.0006955754729279139,40
landmark-country,payload_zero,cue1,27,0.0,0.0,170,0.0,0.0,40
landmark-country,payload_zero,target1,0,-3.4747207164764404,0.09085063106506625,170,-3.5428338050842285,0.18421946181474455,40
landmark-country,payload_zero,target1,1,-3.347829580307007,0.09134577586067498,170,-3.3939032554626465,0.18766031941244765,40
landmark-country,payload_zero,target1,2,-3.2651913166046143,0.09045767685555173,170,-3.307298183441162,0.1853576748595345,40
landmark-country,payload_zero,target1,3,-3.37996244430542,0.09146014483637979,170,-3.4138076305389404,0.18421220508693487,40
landmark-country,payload_zero,target1,4,-3.2100396156311035,0.08891017108203914,170,-3.236966609954834,0.17986548167485772,40
landmark-country,payload_zero,target1,5,-3.072356700897217,0.0826525634114111,170,-3.0967342853546143,0.16650313157251947,40
landmark-country,payload_zero,target1,6,-2.95280122756958,0.07843041081994678,170,-2.9578537940979004,0.1684071084633472,40
landmark-country,payload_zero,target1,7,-2.701798439025879,0.07319958219469226,170,-2.7635269165039062,0.1722606005680889,40
landmark-country,payload_zero,target1,8,-2.070582866668701,0.06246775121070514,170,-2.1064648628234863,0.16614996453623304,40
landmark-country,payload_zero,target1,9,-1.7559674978256226,0.05672790338576226,170,-1.786685585975647,0.154377855650976,40
landmark-country,payload_zero,target1,10,-1.4016727209091187,0.05069668850367964,170,-1.4297879934310913,0.13071355317169425,40
landmark-country,payload_zero,target1,11,-1.189218282699585,0.046540671333572814,170,-1.2134634256362915,0.12033661146594324,40
landmark-country,payload_zero,target1,12,-0.6076138615608215,0.033198749510945494,170,-0.6492564082145691,0.08956375036478854,40
landmark-country,payload_zero,target1,13,-0.17498613893985748,0.027475726972399663,170,-0.18489736318588257,0.07627832157723308,40
landmark-country,payload_zero,target1,14,-0.24935172498226166,0.02793484631781087,170,-0.2689790725708008,0.08275843814646447,40
landmark-country,payload_zero,target1,15,-0.17998775839805603,0.024890957492638224,170,-0.21617384254932404,0.07526364725516184,40
landmark-country,payload_zero,target1,16,-0.22486117482185364,0.01805977464301031,170,-0.25036323070526123,0.049673456336795804,40
landmark-country,payload_zero,target1,17,-0.24356389045715332,0.01873102036954305,170,-0.2773030698299408,0.05334117620960929,40
landmark-country,payload_zero,target1,18,-0.025642700493335724,0.011059849782381673,170,-0.04893224686384201,0.031203262810924788,40
landmark-country,payload_zero,target1,19,-0.05230638384819031,0.00914750489635299,170,-0.06947977840900421,0.022726704973303515,40
landmark-country,payload_zero,target1,20,-0.08785688877105713,0.007482052973760855,170,-0.08655562251806259,0.01922023053485366,40
landmark-country,payload_zero,target1,21,-0.0937914252281189,0.00732388991015413,170,-0.08719804137945175,0.01693185676127278,40
landmark-country,payload_zero,target1,22,-0.04458725452423096,0.0045934591877272385,170,-0.04253346472978592,0.014064162856512819,40
landmark-country,payload_zero,target1,23,-0.03808627650141716,0.0037511442874831407,170,-0.03524988144636154,0.011165763333187967,40
landmark-country,payload_zero,target1,24,-0.031712327152490616,0.0021374999497291085,170,-0.025441085919737816,0.002928011037027203,40
landmark-country,payload_zero,target1,25,-0.017540059983730316,0.001679509328232985,170,-0.013350099325180054,0.0023854005536943605,40
landmark-country,payload_zero,target1,26,-0.002634631935507059,0.00026985330217297416,170,-0.0032614420633763075,0.0006058194466656037,40
landmark-country,payload_zero,target1,27,0.0,0.0,170,0.0,0.0,40
landmark-country,payload_zero,final_cue,0,-1.2758010625839233,0.039059551510629995,170,-1.1949889659881592,0.09258537643017146,40
landmark-country,payload_zero,final_cue,1,-1.2827659845352173,0.03928720145275759,170,-1.2043887376785278,0.09360330685543525,40
landmark-country,payload_zero,final_cue,2,-1.2869945764541626,0.03939037947584727,170,-1.2073895931243896,0.09433449286467589,40
landmark-country,payload_zero,final_cue,3,-1.2527697086334229,0.03874710998798546,170,-1.1713155508041382,0.09278028082995371,40
landmark-country,payload_zero,final_cue,4,-1.268356442451477,0.038852948605201776,170,-1.1827574968338013,0.09341493351068172,40
landmark-country,payload_zero,final_cue,5,-1.2644590139389038,0.03830784224050367,170,-1.1767181158065796,0.09158093220944752,40
landmark-country,payload_zero,final_cue,6,-1.2733556032180786,0.03797167480116284,170,-1.1814568042755127,0.09291750838013162,40
landmark-country,payload_zero,final_cue,7,-1.317564845085144,0.039025420933740874,170,-1.2211987972259521,0.09446029813679489,40
landmark-country,payload_zero,final_cue,8,-1.2479777336120605,0.038661349256343354,170,-1.134963035583496,0.09708504716124024,40
landmark-country,payload_zero,final_cue,9,-1.2078520059585571,0.0384659647323357,170,-1.0801178216934204,0.0910470632263778,40
landmark-country,payload_zero,final_cue,10,-1.2669095993041992,0.03823795821573752,170,-1.1590030193328857,0.0871952580752438,40
landmark-country,payload_zero,final_cue,11,-1.2123157978057861,0.039212503672638614,170,-1.1168467998504639,0.08862461669435187,40
landmark-country,payload_zero,final_cue,12,-0.9338763356208801,0.03188356343368482,170,-0.8777236938476562,0.07033588141709105,40
landmark-country,payload_zero,final_cue,13,-0.6437751054763794,0.026493908310592253,170,-0.5833115577697754,0.05256815092360093,40
landmark-country,payload_zero,final_cue,14,-0.6781991124153137,0.028974082612316834,170,-0.6125367879867554,0.05482831063370093,40
landmark-country,payload_zero,final_cue,15,-0.5403519868850708,0.026063721783441327,170,-0.4662571847438812,0.043652539848768906,40
landmark-country,payload_zero,final_cue,16,-0.45041871070861816,0.02363258790009045,170,-0.4091030955314636,0.042216734993528585,40
landmark-country,payload_zero,final_cue,17,-0.3927774727344513,0.02175045070034106,170,-0.3702270984649658,0.043833958044011315,40
landmark-country,payload_zero,final_cue,18,-0.30760645866394043,0.018298321820961562,170,-0.27900582551956177,0.037912119451391356,40
landmark-country,payload_zero,final_cue,19,-0.2634334862232208,0.016585292349618617,170,-0.23517517745494843,0.03438234573329537,40
landmark-country,payload_zero,final_cue,20,-0.23799604177474976,0.016553329791225296,170,-0.2144184112548828,0.034998284066947924,40
landmark-country,payload_zero,final_cue,21,-0.19329708814620972,0.015558157872641414,170,-0.17830081284046173,0.03262112375739932,40
landmark-country,payload_zero,final_cue,22,-0.16317827999591827,0.013639549504606273,170,-0.14738960564136505,0.029207507161948084,40
landmark-country,payload_zero,final_cue,23,-0.16417725384235382,0.013613541282724883,170,-0.14979183673858643,0.029246547415132065,40
landmark-country,payload_zero,final_cue,24,-0.16190791130065918,0.013373998667709927,170,-0.14344705641269684,0.029599495335935942,40
landmark-country,payload_zero,final_cue,25,-0.1423036754131317,0.013122599951548177,170,-0.1292829066514969,0.02879554885000081,40
landmark-country,payload_zero,final_cue,26,-0.22750060260295868,0.014127515953260799,170,-0.21053242683410645,0.032454713794672414,40
landmark-country,payload_zero,final_cue,27,-0.42364442348480225,0.015074110314562591,170,-0.3900119364261627,0.03340737372301671,40
landmark-country,payload_mean,cue1,0,-0.0033715874888002872,0.0010629269251869425,170,-0.002085031010210514,0.00234576008901378,40
landmark-country,payload_mean,cue1,1,-0.0030000742990523577,0.0010655532333067926,170,-0.0013787815114483237,0.0021681229611408832,40
landmark-country,payload_mean,cue1,2,-0.0030790974851697683,0.001025137888515331,170,-0.002632658928632736,0.002219750574170095,40
landmark-country,payload_mean,cue1,3,-0.0024606166407465935,0.0010622323478327914,170,-0.001619403250515461,0.0023398426456892538,40
landmark-country,payload_mean,cue1,4,-0.002251023193821311,0.0009940745520791681,170,-0.002203015610575676,0.0020388283338640305,40
landmark-country,payload_mean,cue1,5,-0.0037593175657093525,0.000993359117404222,170,-0.0041475421749055386,0.0020980597548053625,40
landmark-country,payload_mean,cue1,6,-0.0001802944898372516,0.0009441589833822364,170,-0.002476816065609455,0.001955102364209373,40
landmark-country,payload_mean,cue1,7,-0.00023362619685940444,0.0009215099330157602,170,-0.0018857812974601984,0.0020094463907512766,40
landmark-country,payload_mean,cue1,8,0.0031181336380541325,0.0007657708186596635,170,0.0011129246558994055,0.0016772543607394509,40
landmark-country,payload_mean,cue1,9,0.0045104846358299255,0.0006562947418400183,170,0.0015426581958308816,0.0015152617543606687,40
landmark-country,payload_mean,cue1,10,0.0021681049838662148,0.0005577300081072427,170,0.001135213882662356,0.0011398879234853204,40
landmark-country,payload_mean,cue1,11,0.001309750834479928,0.00035699958134975267,170,-4.016961975139566e-05,0.0007271225067262599,40
landmark-country,payload_mean,cue1,12,0.0017782526556402445,0.000349609911164128,170,0.00024391077749896795,0.0006552314973481687,40
landmark-country,payload_mean,cue1,13,0.0008633190300315619,0.0003079385556573854,170,-0.0003246799169573933,0.0005584694817761208,40
landmark-country,payload_mean,cue1,14,0.0007894992595538497,0.00026982610551238255,170,0.00019781198352575302,0.000596212270903058,40
landmark-country,payload_mean,cue1,15,0.0005310569540597498,0.00027427485775129986,170,-0.0005086828023195267,0.0006313190477629217,40
landmark-country,payload_mean,cue1,16,0.0007212877972051501,0.0002719524986530715,170,-0.0006897369166836143,0.0005210601148477044,40
landmark-country,payload_mean,cue1,17,0.0004988251603208482,0.00023515311328151778,170,-0.00020290017710067332,0.00044699665203259113,40
landmark-country,payload_mean,cue1,18,0.0004358772421255708,0.00026131121144153157,170,-0.0003353869542479515,0.0005225437828884227,40
landmark-country,payload_mean,cue1,19,0.0004434507864061743,0.00023908634326526786,170,-1.216121063407627e-06,0.000510696158679396,40
landmark-country,payload_mean,cue1,20,3.616634421632625e-05,0.0002587194929024863,170,-0.00048622675240039825,0.0004558980344430291,40
landmark-country,payload_mean,cue1,21,0.00010074144665850326,0.00023131868771211663,170,-0.0007248306646943092,0.0005141803967249962,40
landmark-country,payload_mean,cue1,22,0.00016470442642457783,0.0002345338758558212,170,-0.0002767728583421558,0.0004110821445270671,40
landmark-country,payload_mean,cue1,23,0.00047335209092125297,0.00022191708964804357,170,-0.0004242265713401139,0.0004633121042507908,40
landmark-country,payload_mean,cue1,24,0.00012742189574055374,0.00018394374783265908,170,-0.00013529005809687078,0.00036441809356083023,40
landmark-country,payload_mean,cue1,25,0.00026535571669228375,0.00021610173646466351,170,-0.00042543429299257696,0.00044603739596249547,40
landmark-country,payload_mean,cue1,26,-6.889783981023356e-05,0.00018533922402346235,170,-0.00031265485449694097,0.00033570638171077563,40
landmark-country,payload_mean,cue1,27,0.0,0.0,170,0.0,0.0,40
landmark-country,payload_mean,target1,0,-1.6606452465057373,0.06449849310680261,170,-1.6520811319351196,0.13065833607008773,40
landmark-country,payload_mean,target1,1,-1.6008925437927246,0.06321761360793257,170,-1.5911715030670166,0.13120696354114444,40
landmark-country,payload_mean,target1,2,-1.5763126611709595,0.06309099309913603,170,-1.5746181011199951,0.13457084327813376,40
landmark-country,payload_mean,target1,3,-1.6360057592391968,0.06418414071071317,170,-1.6245250701904297,0.13367250749690252,40
landmark-country,payload_mean,target1,4,-1.5610923767089844,0.06217479328285052,170,-1.5481592416763306,0.1285037287644924,40
landmark-country,payload_mean,target1,5,-1.5657001733779907,0.05917661913339328,170,-1.5579931735992432,0.12373423027508673,40
landmark-country,payload_mean,target1,6,-1.5421090126037598,0.056707002636025176,170,-1.5244739055633545,0.12900976772519585,40
landmark-country,payload_mean,target1,7,-1.4245086908340454,0.053648402828207306,170,-1.4479901790618896,0.13008412156526047,40
landmark-country,payload_mean,target1,8,-1.1128690242767334,0.04436568134972294,170,-1.1197298765182495,0.11575857749885159,40
landmark-country,payload_mean,target1,9,-0.9480427503585815,0.03962378032417986,170,-0.946715235710144,0.10613937011693851,40
landmark-country,payload_mean,target1,10,-0.7492141127586365,0.0339687583657607,170,-0.7544296383857727,0.08950631854755181,40
landmark-country,payload_mean,target1,11,-0.6518974900245667,0.032011717669851614,170,-0.6582215428352356,0.0846460072929848,40
landmark-country,payload_mean,target1,12,-0.3607162833213806,0.02330131421678495,170,-0.38742393255233765,0.062388605273888356,40
landmark-country,payload_mean,target1,13,-0.07631832361221313,0.020406388948164753,170,-0.08312642574310303,0.05534710541400232,40
landmark-country,payload_mean,target1,14,-0.1549205780029297,0.020632976024081963,170,-0.16928446292877197,0.061975433580505376,40
landmark-country,payload_mean,target1,15,-0.104967400431633,0.01882329429960771,170,-0.12924113869667053,0.056675407030118995,40
landmark-country,payload_mean,target1,16,-0.15589763224124908,0.013146404726060084,170,-0.17167127132415771,0.03586025845847559,40
landmark-country,payload_mean,target1,17,-0.1807851642370224,0.014105801482295979,170,-0.20299485325813293,0.039702052623744856,40
landmark-country,payload_mean,target1,18,-0.009972015395760536,0.00898430521834932,170,-0.028904050588607788,0.024805220304437162,40
landmark-country,payload_mean,target1,19,-0.032469119876623154,0.0071399557695462895,170,-0.04516715556383133,0.016106530023224305,40
landmark-country,payload_mean,target1,20,-0.06845393776893616,0.005950213048182485,170,-0.06621883809566498,0.01392570189821531,40
landmark-country,payload_mean,target1,21,-0.07720766216516495,0.00627398381033619,170,-0.07057063281536102,0.014143675859799063,40
landmark-country,payload_mean,target1,22,-0.0350082628428936,0.0035987347015319225,170,-0.03236376494169235,0.01023018498816195,40
landmark-country,payload_mean,target1,23,-0.030662545934319496,0.0030197689051150276,170,-0.02757496014237404,0.008405536737324672,40
landmark-country,payload_mean,target1,24,-0.026551062241196632,0.0018375165333671933,170,-0.02084079384803772,0.0025292885960711393,40
landmark-country,payload_mean,target1,25,-0.01588388904929161,0.001450547089195636,170,-0.012483282014727592,0.002082248246108809,40
landmark-country,payload_mean,target1,26,-0.0020623188465833664,0.00023627305140736448,170,-0.00284358998760581,0.0005347473225015897,40
landmark-country,payload_mean,target1,27,0.0,0.0,170,0.0,0.0,40
landmark-country,payload_mean,final_cue,0,-0.47264575958251953,0.01675840239788394,170,-0.43420594930648804,0.039063851685847556,40
landmark-country,payload_mean,final_cue,1,-0.47274577617645264,0.016721046650623093,170,-0.43470755219459534,0.03905796148470332,40
landmark-country,payload_mean,final_cue,2,-0.4721062183380127,0.016714087734112315,170,-0.434659868478775,0.038980599582874954,40
landmark-country,payload_mean,final_cue,3,-0.4707874059677124,0.016669829070818442,170,-0.43299612402915955,0.03895165749053264,40
landmark-country,payload_mean,final_cue,4,-0.4725550413131714,0.016740852533876794,170,-0.4347192347049713,0.0392345921244557,40
landmark-country,payload_mean,final_cue,5,-0.4698101282119751,0.016618891493402548,170,-0.43387332558631897,0.03921095356922366,40
landmark-country,payload_mean,final_cue,6,-0.4713840186595917,0.016572803100213165,170,-0.43289536237716675,0.038774312958401586,40
landmark-country,payload_mean,final_cue,7,-0.47812581062316895,0.016690383531886982,170,-0.43768516182899475,0.03837989330938139,40
landmark-country,payload_mean,final_cue,8,-0.46455666422843933,0.01628098232491696,170,-0.4285147786140442,0.03756743430475261,40
landmark-country,payload_mean,final_cue,9,-0.45470303297042847,0.01627350797543749,170,-0.41850343346595764,0.03783274545685211,40
landmark-country,payload_mean,final_cue,10,-0.4610503315925598,0.016406355965933362,170,-0.427133172750473,0.03804935642589109,40
landmark-country,payload_mean,final_cue,11,-0.46428173780441284,0.01665367121868683,170,-0.43209537863731384,0.038342137120046846,40
landmark-country,payload_mean,final_cue,12,-0.43952956795692444,0.016065590773082453,170,-0.41098350286483765,0.036705368026087086,40
landmark-country,payload_mean,final_cue,13,-0.3947443664073944,0.015151033256522018,170,-0.3646460175514221,0.033548580693087665,40
landmark-country,payload_mean,final_cue,14,-0.3984176218509674,0.015381802082400295,170,-0.36669987440109253,0.03351159258598233,40
landmark-country,payload_mean,final_cue,15,-0.37162911891937256,0.01514117945817156,170,-0.3357256054878235,0.03152129833150656,40
landmark-country,payload_mean,final_cue,16,-0.34746628999710083,0.01480359829248423,170,-0.3194091320037842,0.03126435362111232,40
landmark-country,payload_mean,final_cue,17,-0.3380011022090912,0.014499984273720342,170,-0.3157098591327667,0.03105014114197928,40
landmark-country,payload_mean,final_cue,18,-0.31126126646995544,0.013621092204286176,170,-0.28566086292266846,0.029487053752172972,40
landmark-country,payload_mean,final_cue,19,-0.2970568835735321,0.013180055298854196,170,-0.27353566884994507,0.02903673845037445,40
landmark-country,payload_mean,final_cue,20,-0.28814828395843506,0.013235663773261313,170,-0.26531195640563965,0.029179460380179698,40
landmark-country,payload_mean,final_cue,21,-0.2724531888961792,0.012986839936209235,170,-0.253864049911499,0.028705588985965154,40
landmark-country,payload_mean,final_cue,22,-0.2593405842781067,0.01240271381005424,170,-0.23943667113780975,0.027375345959551337,40
landmark-country,payload_mean,final_cue,23,-0.2578859329223633,0.012521475966095302,170,-0.2371871918439865,0.0274803753141944,40
landmark-country,payload_mean,final_cue,24,-0.25622129440307617,0.012515312484941971,170,-0.233037069439888,0.027833163021527156,40
landmark-country,payload_mean,final_cue,25,-0.24992357194423676,0.012498548913357131,170,-0.23009642958641052,0.027824264105638447,40
landmark-country,payload_mean,final_cue,26,-0.28849872946739197,0.012953907083823855,170,-0.26586198806762695,0.02927109070525986,40
landmark-country,payload_mean,final_cue,27,-0.37878739833831787,0.013619361903810348,170,-0.3490598797798157,0.029838571532139032,40
landmark-country,payload_cf_zero,cue1,0,-0.10421542823314667,0.009523693819982323,170,-0.08079059422016144,0.014350856616806124,40
landmark-country,payload_cf_zero,cue1,1,-0.11052196472883224,0.009687342073241451,170,-0.08624151349067688,0.014857092310227776,40
landmark-country,payload_cf_zero,cue1,2,-0.11030226200819016,0.009752939204292384,170,-0.08772636204957962,0.014742280509524367,40
landmark-country,payload_cf_zero,cue1,3,-0.12111235409975052,0.010115642870019117,170,-0.09782755374908447,0.015654048305444934,40
landmark-country,payload_cf_zero,cue1,4,-0.1270703226327896,0.010615147702824212,170,-0.0923590287566185,0.015023137080483735,40
landmark-country,payload_cf_zero,cue1,5,-0.10137477517127991,0.009330802460101494,170,-0.07277820259332657,0.014379085994809979,40
landmark-country,payload_cf_zero,cue1,6,-0.09231183677911758,0.008178518915452343,170,-0.0632372573018074,0.010232225353838312,40
landmark-country,payload_cf_zero,cue1,7,-0.0925951898097992,0.007098846847409208,170,-0.06578408181667328,0.009989725772730197,40
landmark-country,payload_cf_zero,cue1,8,-0.06531339883804321,0.004998593501152675,170,-0.048663340508937836,0.007814624101273624,40
landmark-country,payload_cf_zero,cue1,9,-0.04997703805565834,0.004140648467564755,170,-0.038847003132104874,0.007189927627539708,40
landmark-country,payload_cf_zero,cue1,10,-0.02659130096435547,0.003128709548795356,170,-0.02008485235273838,0.005226548647192515,40
landmark-country,payload_cf_zero,cue1,11,0.0010554022155702114,0.0012916093046938962,170,0.002427964238449931,0.0030209769652168204,40
landmark-country,payload_cf_zero,cue1,12,0.0038590319454669952,0.0010187916915175008,170,0.006127065513283014,0.002727873782548418,40
landmark-country,payload_cf_zero,cue1,13,0.00794671569019556,0.0008197788508416558,170,0.008056074380874634,0.002150168008247943,40
landmark-country,payload_cf_zero,cue1,14,0.006377795711159706,0.0007744204638801038,170,0.006586125586181879,0.0020343550206050423,40
landmark-country,payload_cf_zero,cue1,15,0.005403202958405018,0.0006613791423589222,170,0.005289063788950443,0.001480279407999977,40
landmark-country,payload_cf_zero,cue1,16,0.004573131445795298,0.0005694823940835047,170,0.004150562919676304,0.001418771718826456,40
landmark-country,payload_cf_zero,cue1,17,0.004086299333721399,0.0005247977271553085,170,0.003300985787063837,0.0012486392962314282,40
landmark-country,payload_cf_zero,cue1,18,0.003098700661212206,0.00047981637912463754,170,0.0025135325267910957,0.0011442079442595303,40
landmark-country,payload_cf_zero,cue1,19,0.0029037806671112776,0.0004870754053385692,170,0.0015540665481239557,0.0010363068956761071,40
landmark-country,payload_cf_zero,cue1,20,0.0036372647155076265,0.0004196556158810265,170,0.0023282633628696203,0.0009190751058325883,40
landmark-country,payload_cf_zero,cue1,21,0.003943862859159708,0.0004004232018054212,170,0.0027254836168140173,0.0008698869932347757,40
landmark-country,payload_cf_zero,cue1,22,0.004032476339489222,0.00041565176029475517,170,0.00231203343719244,0.0008447341409160673,40
landmark-country,payload_cf_zero,cue1,23,0.004458311945199966,0.0003705138037851684,170,0.0029463053215295076,0.0007519247448218577,40
landmark-country,payload_cf_zero,cue1,24,0.002036669757217169,0.00031101458189958594,170,0.001388179836794734,0.0007492955799136145,40
landmark-country,payload_cf_zero,cue1,25,0.0031122309155762196,0.00033278076759130825,170,0.0021999161690473557,0.0007533500262437337,40
landmark-country,payload_cf_zero,cue1,26,0.0016169436275959015,0.0002689232406670032,170,0.0012717526406049728,0.0006327432247720832,40
landmark-country,payload_cf_zero,cue1,27,0.0,0.0,170,0.0,0.0,40
landmark-country,payload_cf_zero,target1,0,-0.1935240775346756,0.015075981187666246,170,-0.1535097360610962,0.022190623630684025,40
landmark-country,payload_cf_zero,target1,1,-0.18575426936149597,0.01495986362561532,170,-0.14396974444389343,0.021222347601066137,40
landmark-country,payload_cf_zero,target1,2,-0.18569223582744598,0.014882884683178143,170,-0.14236804842948914,0.02102486800534363,40
landmark-country,payload_cf_zero,target1,3,-0.19444890320301056,0.01529540477389885,170,-0.1485590636730194,0.02192862512770804,40
landmark-country,payload_cf_zero,target1,4,-0.19895723462104797,0.0153439400451059,170,-0.15490999817848206,0.02223372812265753,40
landmark-country,payload_cf_zero,target1,5,-0.19915878772735596,0.015112055781140167,170,-0.14798572659492493,0.020010851029720077,40
landmark-country,payload_cf_zero,target1,6,-0.1864255964756012,0.013836378612366538,170,-0.14062249660491943,0.01910965732289364,40
landmark-country,payload_cf_zero,target1,7,-0.18264201283454895,0.013090401962574922,170,-0.14021801948547363,0.01819943511575332,40
landmark-country,payload_cf_zero,target1,8,-0.1605464220046997,0.01168339338767228,170,-0.12477359920740128,0.017028754104216115,40
landmark-country,payload_cf_zero,target1,9,-0.11100699752569199,0.010375663374020792,170,-0.07975053787231445,0.017024778218443757,40
landmark-country,payload_cf_zero,target1,10,-0.1143614798784256,0.009613936875578325,170,-0.08516248315572739,0.015534557328952543,40
landmark-country,payload_cf_zero,target1,11,-0.1507696658372879,0.009276205994328027,170,-0.1258814036846161,0.015894180025693067,40
landmark-country,payload_cf_zero,target1,12,-0.10666099935770035,0.005881068458296036,170,-0.10076458752155304,0.011284245907244464,40
landmark-country,payload_cf_zero,target1,13,-0.04882342368364334,0.0038697284420056346,170,-0.04396870732307434,0.0066169406406309085,40
landmark-country,payload_cf_zero,target1,14,-0.039548106491565704,0.00383120297047992,170,-0.03299594670534134,0.0066013616476245235,40
landmark-country,payload_cf_zero,target1,15,-0.03353415057063103,0.0029841928873231265,170,-0.02698798105120659,0.004430993636317515,40
landmark-country,payload_cf_zero,target1,16,-0.03332924097776413,0.002537157930720562,170,-0.02981562353670597,0.004230304175481459,40
landmark-country,payload_cf_zero,target1,17,-0.03823048248887062,0.002747126007714882,170,-0.03587969020009041,0.005112295826577693,40
landmark-country,payload_cf_zero,target1,18,-0.006023545749485493,0.0010167436740454506,170,-0.0074526057578623295,0.0020233331289689228,40
landmark-country,payload_cf_zero,target1,19,-0.007106617093086243,0.0009120535666273047,170,-0.007456178776919842,0.0018416965545190913,40
landmark-country,payload_cf_zero,target1,20,-0.007354300003498793,0.0008340686870368461,170,-0.008812377229332924,0.0019489160332026125,40
landmark-country,payload_cf_zero,target1,21,-0.007436365354806185,0.0009205058530211797,170,-0.009213891811668873,0.002208034669584156,40
landmark-country,payload_cf_zero,target1,22,-0.005830956157296896,0.0005086152676709099,170,-0.006166803650557995,0.0009055643833304872,40
landmark-country,payload_cf_zero,target1,23,-0.005576644092798233,0.0005682208118921211,170,-0.00498967757448554,0.0011052955084403769,40
landmark-country,payload_cf_zero,target1,24,-0.0049510616809129715,0.0004023253251756766,170,-0.004892493132501841,0.0007389636517140278,40
landmark-country,payload_cf_zero,target1,25,-0.0012455005198717117,0.000270655362586942,170,-0.0014808594714850187,0.00044778582854464703,40
landmark-country,payload_cf_zero,target1,26,-0.0004552928439807147,0.00016241006412445812,170,-0.0012795118382200599,0.00045704798577516937,40
landmark-country,payload_cf_zero,target1,27,0.0,0.0,170,0.0,0.0,40
landmark-country,payload_cf_zero,final_cue,0,-0.18129979074001312,0.018297216668676144,170,-0.13487382233142853,0.035137497792951666,40
landmark-country,payload_cf_zero,final_cue,1,-0.1844719499349594,0.018210371356352686,170,-0.13810241222381592,0.03464065225819415,40
landmark-country,payload_cf_zero,final_cue,2,-0.18994760513305664,0.018209871923520495,170,-0.143483966588974,0.03475900053566456,40
landmark-country,payload_cf_zero,final_cue,3,-0.1930111199617386,0.01893525068330164,170,-0.14640970528125763,0.03682725513640495,40
landmark-country,payload_cf_zero,final_cue,4,-0.19435293972492218,0.018365732681771503,170,-0.1509658396244049,0.03604401388553203,40
landmark-country,payload_cf_zero,final_cue,5,-0.15637485682964325,0.017218511466024388,170,-0.11003868281841278,0.03336605278394968,40
landmark-country,payload_cf_zero,final_cue,6,-0.2068084478378296,0.019084339955212304,170,-0.16079775989055634,0.03977928022898714,40
landmark-country,payload_cf_zero,final_cue,7,-0.18553155660629272,0.02064147209656367,170,-0.1439354121685028,0.043284722704196525,40
landmark-country,payload_cf_zero,final_cue,8,-0.1495288610458374,0.018645117922406227,170,-0.10896088927984238,0.036030852820095355,40
landmark-country,payload_cf_zero,final_cue,9,-0.1838587075471878,0.018625297181882917,170,-0.14187069237232208,0.034584327798772525,40
landmark-country,payload_cf_zero,final_cue,10,-0.1960545927286148,0.02090747665161649,170,-0.1695571392774582,0.043406696989491324,40
landmark-country,payload_cf_zero,final_cue,11,-0.13320021331310272,0.018171582454008163,170,-0.10080783069133759,0.033438075807460915,40
landmark-country,payload_cf_zero,final_cue,12,-0.09815743565559387,0.013093734562434576,170,-0.08879860490560532,0.02243391249874547,40
landmark-country,payload_cf_zero,final_cue,13,-0.027092233300209045,0.011169947864507772,170,-0.024927007034420967,0.01931740825137146,40
landmark-country,payload_cf_zero,final_cue,14,-0.017614485695958138,0.010981055967318595,170,-0.014456190168857574,0.01851392944740718,40
landmark-country,payload_cf_zero,final_cue,15,-0.006505673285573721,0.00981833976223774,170,0.0015834405785426497,0.016369948064676055,40
landmark-country,payload_cf_zero,final_cue,16,0.004525299184024334,0.008545231758239317,170,0.0037234327755868435,0.015226053331862369,40
landmark-country,payload_cf_zero,final_cue,17,0.005025836173444986,0.00825907674556459,170,0.001895782770588994,0.01430527824035204,40
landmark-country,payload_cf_zero,final_cue,18,0.015332726761698723,0.007892186186975772,170,0.015077084302902222,0.013872626473744846,40
landmark-country,payload_cf_zero,final_cue,19,0.01201910711824894,0.00747921694956616,170,0.013636109419167042,0.012928099735140508,40
landmark-country,payload_cf_zero,final_cue,20,0.015771888196468353,0.007620629013123867,170,0.015646036714315414,0.013310683613981484,40
landmark-country,payload_cf_zero,final_cue,21,0.02351040579378605,0.006910153809059393,170,0.024933230131864548,0.012862110633681425,40
landmark-country,payload_cf_zero,final_cue,22,0.02913426235318184,0.006591864236523965,170,0.0252532958984375,0.012669138219874487,40
landmark-country,payload_cf_zero,final_cue,23,0.033717259764671326,0.0066643459977376385,170,0.027318507432937622,0.01377603424322078,40
landmark-country,payload_cf_zero,final_cue,24,0.03869006037712097,0.006547253570227083,170,0.03429447486996651,0.013675202245913095,40
landmark-country,payload_cf_zero,final_cue,25,0.054773032665252686,0.006319053909124012,170,0.04736920818686485,0.013082266325769002,40
landmark-country,payload_cf_zero,final_cue,26,0.07817978411912918,0.0062760752567501705,170,0.0678192600607872,0.012700442282875632,40
landmark-country,payload_cf_zero,final_cue,27,0.03250722214579582,0.0058110347179669225,170,0.027683133259415627,0.010891748819877742,40
landmark-country,payload_cf_mean,cue1,0,-0.007256025914102793,0.0014094080239442548,170,-0.0039138635620474815,0.002785806855902532,40
landmark-country,payload_cf_mean,cue1,1,-0.00808020681142807,0.001427291890800846,170,-0.004461669363081455,0.0028435093278818494,40
landmark-country,payload_cf_mean,cue1,2,-0.007756728213280439,0.001354143552471897,170,-0.0037714713253080845,0.0023943969524120065,40
landmark-country,payload_cf_mean,cue1,3,-0.008150328882038593,0.001389910714751633,170,-0.004289986100047827,0.002640133935324022,40
landmark-country,payload_cf_mean,cue1,4,-0.006792663596570492,0.0012800766348777914,170,-0.003734176279976964,0.002553090015364817,40
landmark-country,payload_cf_mean,cue1,5,-0.007232015486806631,0.001157953378733936,170,-0.004552535712718964,0.001929818381287691,40
landmark-country,payload_cf_mean,cue1,6,-0.004648484755307436,0.0008614586349917334,170,-0.002780643291771412,0.0018475388977790286,40
landmark-country,payload_cf_mean,cue1,7,-0.004312833771109581,0.0007765164817616553,170,-0.003316253423690796,0.0015808451682159427,40
landmark-country,payload_cf_mean,cue1,8,-0.002253327751532197,0.0005568460362801864,170,-0.0011737687746062875,0.001215021635848341,40
landmark-country,payload_cf_mean,cue1,9,-0.000927823013626039,0.0004496850149250322,170,-0.00046839937567710876,0.0009597691066153296,40
landmark-country,payload_cf_mean,cue1,10,-0.00018708188144955784,0.00040205685859961976,170,-0.0012951691169291735,0.000883818717863661,40
landmark-country,payload_cf_mean,cue1,11,-0.0008138931007124484,0.00033136857697219654,170,-0.0021700782235711813,0.0007697875896944048,40
landmark-country,payload_cf_mean,cue1,12,-0.0008005436975508928,0.00030763512449732435,170,-0.0021308166906237602,0.0005941678557134086,40
landmark-country,payload_cf_mean,cue1,13,-0.0009746062569320202,0.00028028917691781316,170,-0.0015430084895342588,0.000575746362076088,40
landmark-country,payload_cf_mean,cue1,14,-0.00047494820319116116,0.0002757271379981386,170,-0.0011296566808596253,0.0004915392366154607,40
landmark-country,payload_cf_mean,cue1,15,-0.00035645265597850084,0.0002534919661625437,170,-0.0013456220040097833,0.000580863400692627,40
landmark-country,payload_cf_mean,cue1,16,-0.00031908039818517864,0.00026237016690426574,170,-0.001118416665121913,0.000528209236045247,40
landmark-country,payload_cf_mean,cue1,17,-0.0005443457048386335,0.00022967495940342446,170,-0.00089127232786268,0.0005198775097129708,40
landmark-country,payload_cf_mean,cue1,18,-0.00037572334986180067,0.0002453155928368244,170,-0.00040449108928442,0.0005945003207542435,40
landmark-country,payload_cf_mean,cue1,19,-0.00031479267636314034,0.00024610649244129136,170,-0.0004240823909640312,0.0005927877079578002,40
landmark-country,payload_cf_mean,cue1,20,-0.0001204455184051767,0.0002220852696542497,170,-0.00018158051534555852,0.0004976243297900545,40
landmark-country,payload_cf_mean,cue1,21,-0.00022843839542474598,0.00020762050339526706,170,-0.00028888657107017934,0.000492230304464708,40
landmark-country,payload_cf_mean,cue1,22,-0.0004606174770742655,0.0002156911436760993,170,-0.0004801945760846138,0.00042067857067252466,40
landmark-country,payload_cf_mean,cue1,23,-0.00025795839610509574,0.00021634629212244575,170,-0.00023202932788990438,0.00042062559567598374,40
landmark-country,payload_cf_mean,cue1,24,-0.0001614305074326694,0.00020755587784393345,170,-0.00015266388072632253,0.0004600816602469928,40
landmark-country,payload_cf_mean,cue1,25,-0.0004823853087145835,0.00019442290866106613,170,-0.00041611306369304657,0.00042624543658769743,40
landmark-country,payload_cf_mean,cue1,26,-0.00028198992367833853,0.00016145310953191396,170,-0.0004390668182168156,0.00035306027639070377,40
landmark-country,payload_cf_mean,cue1,27,0.0,0.0,170,0.0,0.0,40
landmark-country,payload_cf_mean,target1,0,0.0224909670650959,0.006629890846650935,170,0.025901760905981064,0.010782738867301403,40
landmark-country,payload_cf_mean,target1,1,0.025901412591338158,0.006681134712394123,170,0.030709411948919296,0.010331028765871924,40
landmark-country,payload_cf_mean,target1,2,0.02552015148103237,0.006495428556668863,170,0.030113384127616882,0.010177618477070348,40
landmark-country,payload_cf_mean,target1,3,0.023458870127797127,0.006600595168152161,170,0.02896711602807045,0.010126186418719124,40
landmark-country,payload_cf_mean,target1,4,0.020237358286976814,0.006444774981675851,170,0.025183042511343956,0.0102062601691543,40
landmark-country,payload_cf_mean,target1,5,0.021413380280137062,0.00656871146757445,170,0.02927388623356819,0.009298760412982846,40
landmark-country,payload_cf_mean,target1,6,0.02025371976196766,0.006118906487340255,170,0.02710629068315029,0.009659809127420389,40
landmark-country,payload_cf_mean,target1,7,0.017489226534962654,0.005990497963289796,170,0.025639180094003677,0.009480021339854703,40
landmark-country,payload_cf_mean,target1,8,0.013605800457298756,0.005334164935408866,170,0.0209377259016037,0.00801862709476337,40
landmark-country,payload_cf_mean,target1,9,0.011166666634380817,0.004792638601252721,170,0.01364524383097887,0.007552179121050904,40
landmark-country,payload_cf_mean,target1,10,0.015896953642368317,0.004810830185020222,170,0.0181959867477417,0.007167513645125555,40
landmark-country,payload_cf_mean,target1,11,0.006577175576239824,0.004615476518418672,170,0.010982866398990154,0.00710007555418499,40
landmark-country,payload_cf_mean,target1,12,0.0032129695173352957,0.0036070824870342794,170,0.0023060671519488096,0.006801447657353354,40
landmark-country,payload_cf_mean,target1,13,0.008486188016831875,0.0026134657245748924,170,0.00559066329151392,0.005066685054017316,40
landmark-country,payload_cf_mean,target1,14,0.017972446978092194,0.0022196180788668675,170,0.016541382297873497,0.0033296508946100054,40
landmark-country,payload_cf_mean,target1,15,0.017661863937973976,0.001976719292362591,170,0.016431257128715515,0.003728985621975012,40
landmark-country,payload_cf_mean,target1,16,0.021204644814133644,0.0017503867900457713,170,0.01768231950700283,0.003044535413713299,40
landmark-country,payload_cf_mean,target1,17,0.017027562484145164,0.001748677061174015,170,0.014401567168533802,0.0030245066682525025,40
landmark-country,payload_cf_mean,target1,18,-8.428973524132743e-05,0.0011265587537571979,170,-0.0015901379520073533,0.003100465818678373,40
landmark-country,payload_cf_mean,target1,19,-0.0008315411396324635,0.0013122580522811,170,-0.002913922071456909,0.004076212390407495,40
landmark-country,payload_cf_mean,target1,20,-0.003631272353231907,0.0013840823793146413,170,-0.005610084161162376,0.004260074430104646,40
landmark-country,payload_cf_mean,target1,21,-0.005878083873540163,0.0015247684366786428,170,-0.007357059512287378,0.0045012048339567855,40
landmark-country,payload_cf_mean,target1,22,-0.000150302003021352,0.0006480576715679096,170,-0.0007568420842289925,0.0014317512188128615,40
landmark-country,payload_cf_mean,target1,23,-0.001611370244063437,0.0005949400398392463,170,-0.0024274447932839394,0.0013638841739739681,40
landmark-country,payload_cf_mean,target1,24,-0.002577172126621008,0.00037331532768553413,170,-0.003103868803009391,0.0006978584412639047,40
landmark-country,payload_cf_mean,target1,25,-0.0031638506334275007,0.0003038928782857525,170,-0.002858315361663699,0.0006179453460649383,40
landmark-country,payload_cf_mean,target1,26,-0.0004280365537852049,0.0001671275329415651,170,-0.001022576936520636,0.00042719092431261845,40
landmark-country,payload_cf_mean,target1,27,0.0,0.0,170,0.0,0.0,40
landmark-country,payload_cf_mean,final_cue,0,0.022877275943756104,0.006072899237700267,170,0.017450818791985512,0.011422625580766184,40
landmark-country,payload_cf_mean,final_cue,1,0.022411996498703957,0.006039266950776441,170,0.016545748338103294,0.011414201415089701,40
landmark-country,payload_cf_mean,final_cue,2,0.021708564832806587,0.006066010607503402,170,0.01631886139512062,0.011231380173934736,40
landmark-country,payload_cf_mean,final_cue,3,0.02177797444164753,0.006080857591308874,170,0.01584312878549099,0.011220895615897999,40
landmark-country,payload_cf_mean,final_cue,4,0.02184571698307991,0.006081671883970055,170,0.017360011115670204,0.011209978717097275,40
landmark-country,payload_cf_mean,final_cue,5,0.02476581744849682,0.005992515694789185,170,0.019634369760751724,0.010568127032530777,40
landmark-country,payload_cf_mean,final_cue,6,0.023301683366298676,0.006084909054444152,170,0.018143977969884872,0.01076180862655548,40
landmark-country,payload_cf_mean,final_cue,7,0.02560092695057392,0.0059817487457913135,170,0.018287021666765213,0.010390611684566538,40
landmark-country,payload_cf_mean,final_cue,8,0.029425542801618576,0.00591633790204392,170,0.021893231198191643,0.01024751985012943,40
landmark-country,payload_cf_mean,final_cue,9,0.02961169369518757,0.005783790485540878,170,0.023055676370859146,0.009921202706738864,40
landmark-country,payload_cf_mean,final_cue,10,0.03654225543141365,0.005731540325498505,170,0.031111180782318115,0.009600295713099278,40
landmark-country,payload_cf_mean,final_cue,11,0.03497380018234253,0.005636217226563627,170,0.02838538959622383,0.009851437986346327,40
landmark-country,payload_cf_mean,final_cue,12,0.04675159975886345,0.005938743807478935,170,0.041660916060209274,0.011262023356367497,40
landmark-country,payload_cf_mean,final_cue,13,0.04401179403066635,0.005767406917197922,170,0.03781450539827347,0.010638076705239244,40
landmark-country,payload_cf_mean,final_cue,14,0.0437299869954586,0.0056365600866314924,170,0.037301115691661835,0.010493525278958594,40
landmark-country,payload_cf_mean,final_cue,15,0.04277733340859413,0.005417027928044063,170,0.036669522523880005,0.010090688532503283,40
landmark-country,payload_cf_mean,final_cue,16,0.039279598742723465,0.005386724240945765,170,0.03377506881952286,0.010249663883345932,40
landmark-country,payload_cf_mean,final_cue,17,0.038033705204725266,0.005358489142923589,170,0.034223638474941254,0.01044878566714745,40
landmark-country,payload_cf_mean,final_cue,18,0.03481747582554817,0.00523239549576467,170,0.029720932245254517,0.010070151757193797,40
landmark-country,payload_cf_mean,final_cue,19,0.03524059057235718,0.005240538993809923,170,0.03065633215010166,0.010232775498625184,40
landmark-country,payload_cf_mean,final_cue,20,0.03443538025021553,0.005179610474016426,170,0.030435670167207718,0.010142216012113044,40
landmark-country,payload_cf_mean,final_cue,21,0.033220160752534866,0.005136315818946702,170,0.029541831463575363,0.010143227948669623,40
landmark-country,payload_cf_mean,final_cue,22,0.03286796063184738,0.005089948566235455,170,0.028089487925171852,0.010147096632781155,40
landmark-country,payload_cf_mean,final_cue,23,0.03191747888922691,0.0051711081157668065,170,0.027602219954133034,0.01022407684957538,40
landmark-country,payload_cf_mean,final_cue,24,0.031170817092061043,0.00513222149830294,170,0.027068769559264183,0.009955825309064673,40
landmark-country,payload_cf_mean,final_cue,25,0.030852627009153366,0.005134102085775183,170,0.026476368308067322,0.009770371737018349,40
landmark-country,payload_cf_mean,final_cue,26,0.028337299823760986,0.005100865230796295,170,0.022344086319208145,0.009851188830837927,40
landmark-country,payload_cf_mean,final_cue,27,0.026211466640233994,0.005057840292313291,170,0.022205350920557976,0.00937051955548282,40
lowercase_first_letter,payload_zero,cue1,0,-0.020154111087322235,0.006728669975069898,170,-0.0025773122906684875,0.014274307562735658,40
lowercase_first_letter,payload_zero,cue1,1,-0.02738945372402668,0.006939237485749536,170,-0.007632455322891474,0.014962581100560094,40
lowercase_first_letter,payload_zero,cue1,2,-0.024832282215356827,0.006888067906354386,170,-0.005757798440754414,0.014386616027952768,40
lowercase_first_letter,payload_zero,cue1,3,-0.025065753608942032,0.00659137508949381,170,-0.01023816131055355,0.013922410453815912,40
lowercase_first_letter,payload_zero,cue1,4,-0.041891273111104965,0.00612670598245075,170,-0.03225478529930115,0.013761765819968987,40
lowercase_first_letter,payload_zero,cue1,5,-0.017130723223090172,0.005180643625687594,170,-0.004582720808684826,0.010602756703097958,40
lowercase_first_letter,payload_zero,cue1,6,-0.03259860351681709,0.005642549852017105,170,-0.021357808262109756,0.012291492685672836,40
lowercase_first_letter,payload_zero,cue1,7,-0.028653083369135857,0.00466552208822467,170,-0.014319273643195629,0.010496048641128785,40
lowercase_first_letter,payload_zero,cue1,8,0.001567153842188418,0.003446551974658942,170,0.013508385047316551,0.007679109421588461,40
lowercase_first_letter,payload_zero,cue1,9,-0.00024185846268665045,0.003297602418225934,170,0.007772721350193024,0.007560239272296674,40
lowercase_first_letter,payload_zero,cue1,10,-0.022096095606684685,0.00233943767250057,170,-0.017550792545080185,0.0047617128215332255,40
lowercase_first_letter,payload_zero,cue1,11,-0.0024307607673108578,0.0018987311984589965,170,-0.0005098119145259261,0.004136250916160615,40
lowercase_first_letter,payload_zero,cue1,12,0.0049345484003424644,0.001108464170817231,170,0.006874197628349066,0.002274012579661065,40
lowercase_first_letter,payload_zero,cue1,13,0.008842160925269127,0.0009819268770163295,170,0.00902459304779768,0.0018644025436549707,40
lowercase_first_letter,payload_zero,cue1,14,0.002658119658008218,0.0007382380837723464,170,0.0032241984736174345,0.002024198988537125,40
lowercase_first_letter,payload_zero,cue1,15,0.004733627196401358,0.0007382101549626515,170,0.005270781926810741,0.002158869307888263,40
lowercase_first_letter,payload_zero,cue1,16,0.0016012771520763636,0.0005495770814101228,170,0.0031743808649480343,0.001546694371001788,40
lowercase_first_letter,payload_zero,cue1,17,0.003356385976076126,0.0004349350319470939,170,0.0040278867818415165,0.0011891185191588859,40
lowercase_first_letter,payload_zero,cue1,18,0.0028728486504405737,0.00040782672925212204,170,0.0038769617676734924,0.0010959628528649096,40
lowercase_first_letter,payload_zero,cue1,19,0.0014467502478510141,0.00040158871174862166,170,0.0024254843592643738,0.0010997596028949684,40
lowercase_first_letter,payload_zero,cue1,20,6.221865623956546e-05,0.00028756243539602034,170,0.0005166769260540605,0.0007968878161389113,40
lowercase_first_letter,payload_zero,cue1,21,-0.00023101041733752936,0.00030189657554060526,170,-6.914287951076403e-05,0.0009026347445363738,40
lowercase_first_letter,payload_zero,cue1,22,-0.00021930021466687322,0.00030861506142879265,170,-0.0004313766839914024,0.0008121990995032905,40
lowercase_first_letter,payload_zero,cue1,23,0.00014599737187381834,0.00027025543060361294,170,0.00041471273289062083,0.000739254627650553,40
lowercase_first_letter,payload_zero,cue1,24,-0.0007789264782331884,0.00027079029230948323,170,-0.0012279764050617814,0.0006591760177994336,40
lowercase_first_letter,payload_zero,cue1,25,0.00018092516984324902,0.0001719807529167926,170,0.0007337838178500533,0.00040161375662898233,40
lowercase_first_letter,payload_zero,cue1,26,-0.0001562193938298151,0.00015100923471882477,170,0.00031303614377975464,0.0003651422937915138,40
lowercase_first_letter,payload_zero,cue1,27,0.0,0.0,170,0.0,0.0,40
lowercase_first_letter,payload_zero,target1,0,-2.3633792400360107,0.07216853339860693,170,-2.3469276428222656,0.17055319618200748,40
lowercase_first_letter,payload_zero,target1,1,-2.4145195484161377,0.0725596955928334,170,-2.3909668922424316,0.17138347893529873,40
lowercase_first_letter,payload_zero,target1,2,-2.2887234687805176,0.07064479925646634,170,-2.2411341667175293,0.16727762234057253,40
lowercase_first_letter,payload_zero,target1,3,-2.3423006534576416,0.07054965787336744,170,-2.2899391651153564,0.1653702715425294,40
lowercase_first_letter,payload_zero,target1,4,-2.236204147338867,0.06751201824436509,170,-2.2034945487976074,0.15619903987452036,40
lowercase_first_letter,payload_zero,target1,5,-2.124070882797241,0.06467324659765991,170,-2.099548816680908,0.14859064349570866,40
lowercase_first_letter,payload_zero,target1,6,-2.154109477996826,0.06499744136343087,170,-2.1382994651794434,0.14610042666539763,40
lowercase_first_letter,payload_zero,target1,7,-2.0103025436401367,0.06048608401898817,170,-1.9677696228027344,0.12888068278907971,40
lowercase_first_letter,payload_zero,target1,8,-1.5694490671157837,0.04741992454894513,170,-1.5395402908325195,0.10119800969462683,40
lowercase_first_letter,payload_zero,target1,9,-1.3041489124298096,0.041070146949139685,170,-1.2563915252685547,0.08496229695794742,40
lowercase_first_letter,payload_zero,target1,10,-1.1766670942306519,0.03672865848245408,170,-1.1412489414215088,0.07038852567883776,40
lowercase_first_letter,payload_zero,target1,11,-1.151125431060791,0.03395107135772641,170,-1.1409499645233154,0.06429146538257911,40
lowercase_first_letter,payload_zero,target1,12,-0.39184093475341797,0.014457367910151545,170,-0.37928542494773865,0.028349585228807647,40
lowercase_first_letter,payload_zero,target1,13,-0.2015412300825119,0.010052765762173252,170,-0.20304608345031738,0.023371451102712288,40
lowercase_first_letter,payload_zero,target1,14,-0.2039734274148941,0.011088397454499055,170,-0.21223954856395721,0.026073415951997622,40
lowercase_first_letter,payload_zero,target1,15,-0.1546805500984192,0.009986897771668704,170,-0.1688079833984375,0.02232036591324784,40
lowercase_first_letter,payload_zero,target1,16,-0.08680830895900726,0.006138430082471414,170,-0.09016399085521698,0.010636356766505126,40
lowercase_first_letter,payload_zero,target1,17,-0.07288043946027756,0.005787960806833016,170,-0.07661918550729752,0.010197726445736533,40
lowercase_first_letter,payload_zero,target1,18,-0.07259475439786911,0.005103496681817163,170,-0.07497715950012207,0.009126449646749652,40
lowercase_first_letter,payload_zero,target1,19,-0.07573721557855606,0.005095940617354852,170,-0.07851900160312653,0.009038014166770122,40
lowercase_first_letter,payload_zero,target1,20,-0.05911964550614357,0.004526444330295681,170,-0.06057072803378105,0.008510167325350274,40
lowercase_first_letter,payload_zero,target1,21,-0.05911456421017647,0.0046928120353264295,170,-0.0621553435921669,0.009201982052102623,40
lowercase_first_letter,payload_zero,target1,22,-0.06351195275783539,0.004737275271794129,170,-0.0649278536438942,0.008359355793293534,40
lowercase_first_letter,payload_zero,target1,23,-0.06922411173582077,0.004853479691728913,170,-0.06756240129470825,0.008620456040595028,40
lowercase_first_letter,payload_zero,target1,24,-0.07839323580265045,0.004894067466562839,170,-0.07607773691415787,0.00851790881671414,40
lowercase_first_letter,payload_zero,target1,25,-0.00041575380600988865,0.00048800209181574714,170,-0.00024852604838088155,0.0007353079720013733,40
lowercase_first_letter,payload_zero,target1,26,-0.00021657926845364273,0.00017018559474479315,170,-1.4497340089292265e-05,0.00022739081022182692,40
lowercase_first_letter,payload_zero,target1,27,0.0,0.0,170,0.0,0.0,40
lowercase_first_letter,payload_zero,final_cue,0,-0.407805860042572,0.027036267223279866,170,-0.3897940516471863,0.05592434983829817,40
lowercase_first_letter,payload_zero,final_cue,1,-0.3952295780181885,0.026817570500391134,170,-0.3769494593143463,0.055638566703101765,40
lowercase_first_letter,payload_zero,final_cue,2,-0.4012684226036072,0.0268255431398359,170,-0.3859897255897522,0.05579026058728991,40
lowercase_first_letter,payload_zero,final_cue,3,-0.4031302034854889,0.0272313820307008,170,-0.3929947018623352,0.057846468548650117,40
lowercase_first_letter,payload_zero,final_cue,4,-0.40407195687294006,0.026698787772746,170,-0.3942064344882965,0.05576296775126799,40
lowercase_first_letter,payload_zero,final_cue,5,-0.3647429645061493,0.025761675778054476,170,-0.3585682511329651,0.05705398203806121,40
lowercase_first_letter,payload_zero,final_cue,6,-0.3722856640815735,0.02554177675919443,170,-0.3588999807834625,0.05714169891350114,40
lowercase_first_letter,payload_zero,final_cue,7,-0.40692219138145447,0.02712763257416468,170,-0.4071527421474457,0.06234626179590269,40
lowercase_first_letter,payload_zero,final_cue,8,-0.35331451892852783,0.024811327099009555,170,-0.35883045196533203,0.05433834485387988,40
lowercase_first_letter,payload_zero,final_cue,9,-0.33318614959716797,0.02065066531785004,170,-0.3375079333782196,0.04244003487498695,40
lowercase_first_letter,payload_zero,final_cue,10,-0.25507915019989014,0.017807126773334635,170,-0.24005766212940216,0.03442655993916444,40
lowercase_first_letter,payload_zero,final_cue,11,-0.3749884068965912,0.021241385785976983,170,-0.3929482102394104,0.04005618094085804,40
lowercase_first_letter,payload_zero,final_cue,12,-0.23567670583724976,0.01729981044531667,170,-0.24055925011634827,0.03344175129297492,40
lowercase_first_letter,payload_zero,final_cue,13,-0.19005359709262848,0.014480788681387443,170,-0.20168046653270721,0.02883125524933716,40
lowercase_first_letter,payload_zero,final_cue,14,-0.2540386915206909,0.016203751951763348,170,-0.26153263449668884,0.03604389843758961,40
lowercase_first_letter,payload_zero,final_cue,15,-0.21422496438026428,0.013935574887201404,170,-0.2172497808933258,0.032704479527912056,40
lowercase_first_letter,payload_zero,final_cue,16,-0.17156851291656494,0.01063287699693354,170,-0.17251445353031158,0.025267756595569745,40
lowercase_first_letter,payload_zero,final_cue,17,-0.1490938663482666,0.009796591005266135,170,-0.15359684824943542,0.022235481046518055,40
lowercase_first_letter,payload_zero,final_cue,18,-0.13326002657413483,0.008736004242900736,170,-0.13473443686962128,0.021513707578705903,40
lowercase_first_letter,payload_zero,final_cue,19,-0.13745415210723877,0.008123059013741302,170,-0.13926854729652405,0.0203759092040765,40
lowercase_first_letter,payload_zero,final_cue,20,-0.10563724488019943,0.006977791528947572,170,-0.10693144798278809,0.01596757546607091,40
lowercase_first_letter,payload_zero,final_cue,21,-0.08227992057800293,0.0050127067644129145,170,-0.08445538580417633,0.011425975927177024,40
lowercase_first_letter,payload_zero,final_cue,22,-0.06774662435054779,0.004379283931983485,170,-0.06772956997156143,0.010351327577055184,40
lowercase_first_letter,payload_zero,final_cue,23,-0.06309132277965546,0.003971505596001359,170,-0.060715507715940475,0.009156654598217285,40
lowercase_first_letter,payload_zero,final_cue,24,-0.034242894500494,0.003479921402197405,170,-0.02667902782559395,0.008161464472511046,40
lowercase_first_letter,payload_zero,final_cue,25,-0.0074744755402207375,0.0030822148664255526,170,-0.0001018702969304286,0.006523450190029397,40
lowercase_first_letter,payload_zero,final_cue,26,0.01154299359768629,0.0027012753308392197,170,0.011622771620750427,0.0052355447514001036,40
lowercase_first_letter,payload_zero,final_cue,27,0.005078424233943224,0.0028699556270277214,170,0.003136253450065851,0.005885675113674823,40
lowercase_first_letter,payload_mean,cue1,0,0.002335350727662444,0.0012063622917201408,170,0.003380714450031519,0.0026580389687622646,40
lowercase_first_letter,payload_mean,cue1,1,0.002219093730673194,0.0012026815460332424,170,0.0025293410290032625,0.002524224495637384,40
lowercase_first_letter,payload_mean,cue1,2,0.003917480353266001,0.0012491806570122555,170,0.004448249936103821,0.0027236619942202335,40
lowercase_first_letter,payload_mean,cue1,3,0.004205949604511261,0.0012168503811961487,170,0.0055548460222780704,0.002737632962314242,40
lowercase_first_letter,payload_mean,cue1,4,0.004076599143445492,0.001140074869065905,170,0.005385555326938629,0.0025053319699773102,40
lowercase_first_letter,payload_mean,cue1,5,0.004447149578481913,0.0011914711646809312,170,0.00746926199644804,0.002484872945322928,40
lowercase_first_letter,payload_mean,cue1,6,0.0030604959465563297,0.0012299384928534701,170,0.005768355913460255,0.002433686950124505,40
lowercase_first_letter,payload_mean,cue1,7,0.0027408653404563665,0.0010125877100186542,170,0.005453960504382849,0.00234170409650586,40
lowercase_first_letter,payload_mean,cue1,8,0.0033203933853656054,0.0008662235327848951,170,0.005465867929160595,0.0018289955137917794,40
lowercase_first_letter,payload_mean,cue1,9,0.002244510455057025,0.00079918403228596,170,0.004125283565372229,0.001790860142758579,40
lowercase_first_letter,payload_mean,cue1,10,-4.4840049667982385e-05,0.0005894012068720589,170,0.0002708509564399719,0.0011971076934808678,40
lowercase_first_letter,payload_mean,cue1,11,-0.000831665878649801,0.0005173166276182531,170,-0.0005476072547025979,0.0010342547495974558,40
lowercase_first_letter,payload_mean,cue1,12,0.0019514838932082057,0.00039995487638147103,170,0.0018348812591284513,0.0007492276217179129,40
lowercase_first_letter,payload_mean,cue1,13,0.0019691854249686003,0.00039868893701005826,170,0.0014655857812613249,0.0008448330226677762,40
lowercase_first_letter,payload_mean,cue1,14,0.001014324021525681,0.00033517418086714276,170,0.000885362911503762,0.0008542877526619577,40
lowercase_first_letter,payload_mean,cue1,15,0.0013391319662332535,0.00032662300077244266,170,0.0012107014190405607,0.0008463380426876422,40
lowercase_first_letter,payload_mean,cue1,16,5.0224625738337636e-05,0.00027592003250090336,170,0.0004710584762506187,0.0008126341644853065,40
lowercase_first_letter,payload_mean,cue1,17,0.00034486950607970357,0.0002804397853455412,170,0.0009309634333476424,0.0006749052109349962,40
lowercase_first_letter,payload_mean,cue1,18,0.0005338226910680532,0.00022971722762116603,170,0.0013473480939865112,0.0006520797979709176,40
lowercase_first_letter,payload_mean,cue1,19,0.00030438057729043067,0.00025639849095869326,170,0.0009353548521175981,0.0005159572495276688,40
lowercase_first_letter,payload_mean,cue1,20,-0.0002779075293801725,0.00024112014633033792,170,-0.00021454393572639674,0.0005296163682848474,40
lowercase_first_letter,payload_mean,cue1,21,-0.0002293765573995188,0.00021221586402778733,170,-2.2786854970036075e-05,0.00045587174942042296,40
lowercase_first_letter,payload_mean,cue1,22,-0.00013347917411010712,0.00022477164971515724,170,-6.196201138664037e-05,0.0004537774515898334,40
lowercase_first_letter,payload_mean,cue1,23,-0.00037207812420092523,0.00018110568790631146,170,-0.0003210276481695473,0.0003509606773790844,40
lowercase_first_letter,payload_mean,cue1,24,-0.00032549709430895746,0.00021463959899087367,170,-0.0006181046483106911,0.0004998770004039098,40
lowercase_first_letter,payload_mean,cue1,25,-0.0003115618892479688,0.0001765081486837766,170,-0.00025125444517470896,0.0002891532505948361,40
lowercase_first_letter,payload_mean,cue1,26,-0.0001423187059117481,0.0001265077667632861,170,-0.00021163970814086497,0.00020892664943996783,40
lowercase_first_letter,payload_mean,cue1,27,0.0,0.0,170,0.0,0.0,40
lowercase_first_letter,payload_mean,target1,0,-1.3224798440933228,0.04975284045152145,170,-1.3263351917266846,0.12151620670789212,40
lowercase_first_letter,payload_mean,target1,1,-1.348195195198059,0.050157365045459534,170,-1.350877046585083,0.12324746405252723,40
lowercase_first_letter,payload_mean,target1,2,-1.2658677101135254,0.04837516012682403,170,-1.2607972621917725,0.11925639569769987,40
lowercase_first_letter,payload_mean,target1,3,-1.3060184717178345,0.04873486148122315,170,-1.294871211051941,0.11965715555923172,40
lowercase_first_letter,payload_mean,target1,4,-1.2615771293640137,0.046667246127693636,170,-1.2536903619766235,0.11025200279906104,40
lowercase_first_letter,payload_mean,target1,5,-1.1920098066329956,0.04377780890589307,170,-1.1849021911621094,0.1019932716679949,40
lowercase_first_letter,payload_mean,target1,6,-1.241694688796997,0.04464158770353572,170,-1.2359235286712646,0.09958601714276018,40
lowercase_first_letter,payload_mean,target1,7,-1.1348397731781006,0.041079404170972056,170,-1.116637110710144,0.08701257702087607,40
lowercase_first_letter,payload_mean,target1,8,-0.9047127366065979,0.032457351185926776,170,-0.8880197405815125,0.0671467945770971,40
lowercase_first_letter,payload_mean,target1,9,-0.75847327709198,0.02832919253920092,170,-0.7367082834243774,0.058148767807854954,40
lowercase_first_letter,payload_mean,target1,10,-0.6634907722473145,0.025004249887729937,170,-0.6493651270866394,0.05011118310070887,40
lowercase_first_letter,payload_mean,target1,11,-0.6673014760017395,0.02256711138172384,170,-0.6710000038146973,0.04185638662400709,40
lowercase_first_letter,payload_mean,target1,12,-0.23009805381298065,0.008949096346546758,170,-0.2232009917497635,0.01672299140673847,40
lowercase_first_letter,payload_mean,target1,13,-0.11255259811878204,0.005799028329823716,170,-0.11266384273767471,0.013686989716442936,40
lowercase_first_letter,payload_mean,target1,14,-0.12115072458982468,0.006650203019938184,170,-0.1265621930360794,0.01577400107370703,40
lowercase_first_letter,payload_mean,target1,15,-0.09173961728811264,0.006071364938896569,170,-0.10288010537624359,0.013955930410487519,40
lowercase_first_letter,payload_mean,target1,16,-0.05130912736058235,0.003866762416701874,170,-0.05419129133224487,0.0066832725517965855,40
lowercase_first_letter,payload_mean,target1,17,-0.042343396693468094,0.0037180654338521938,170,-0.046338751912117004,0.006602930797209348,40
lowercase_first_letter,payload_mean,target1,18,-0.04251773655414581,0.003149362582133408,170,-0.045283447951078415,0.005838762017641456,40
lowercase_first_letter,payload_mean,target1,19,-0.0452406108379364,0.0031835271593125955,170,-0.04781744256615639,0.00582353172454281,40
lowercase_first_letter,payload_mean,target1,20,-0.03542536497116089,0.0027603726921535915,170,-0.03735687583684921,0.005340785564264248,40
lowercase_first_letter,payload_mean,target1,21,-0.03563552349805832,0.00292352694119827,170,-0.03864903002977371,0.005815595267521069,40
lowercase_first_letter,payload_mean,target1,22,-0.03931171074509621,0.0029996401619640863,170,-0.040685709565877914,0.005443299213998612,40
lowercase_first_letter,payload_mean,target1,23,-0.04384809359908104,0.0030982541461170273,170,-0.04365941137075424,0.00579331381463266,40
lowercase_first_letter,payload_mean,target1,24,-0.05083457753062248,0.0031736373606550132,170,-0.04978695884346962,0.005829082061081022,40
lowercase_first_letter,payload_mean,target1,25,-9.51044694375014e-06,0.00038854799335276446,170,3.278255533700758e-08,0.0007455571428748835,40
lowercase_first_letter,payload_mean,target1,26,-0.00020189197675790638,0.00013102256420850555,170,4.148483185417717e-06,0.00016552273277267162,40
lowercase_first_letter,payload_mean,target1,27,0.0,0.0,170,0.0,0.0,40
lowercase_first_letter,payload_mean,final_cue,0,-0.07837031036615372,0.007498971975243128,170,-0.07214005291461945,0.016549651033345263,40
lowercase_first_letter,payload_mean,final_cue,1,-0.07795065641403198,0.007515258971333635,170,-0.07114154100418091,0.016566630127163633,40
lowercase_first_letter,payload_mean,final_cue,2,-0.07874990999698639,0.007496887386030505,170,-0.07212556898593903,0.01649369412247504,40
lowercase_first_letter,payload_mean,final_cue,3,-0.07862304151058197,0.007535366571447058,170,-0.07193019986152649,0.016696275810428683,40
lowercase_first_letter,payload_mean,final_cue,4,-0.07719940692186356,0.0074820026876175685,170,-0.0694015845656395,0.016721940594854337,40
lowercase_first_letter,payload_mean,final_cue,5,-0.07319387048482895,0.007323505335444674,170,-0.06422919034957886,0.01662269306165445,40
lowercase_first_letter,payload_mean,final_cue,6,-0.07553830742835999,0.00732186760718717,170,-0.06555844843387604,0.01660262043419513,40
lowercase_first_letter,payload_mean,final_cue,7,-0.07709329575300217,0.007515714975223897,170,-0.069768987596035,0.017439673384681546,40
lowercase_first_letter,payload_mean,final_cue,8,-0.07093005627393723,0.007302044009496629,170,-0.06307612359523773,0.016287918767460993,40
lowercase_first_letter,payload_mean,final_cue,9,-0.06356292963027954,0.006550112451759635,170,-0.05675892159342766,0.014611036225668773,40
lowercase_first_letter,payload_mean,final_cue,10,-0.04934204742312431,0.006216518748661582,170,-0.04015680402517319,0.013980607997201402,40
lowercase_first_letter,payload_mean,final_cue,11,-0.07433012872934341,0.006297092578910329,170,-0.07087346166372299,0.015050266168913848,40
lowercase_first_letter,payload_mean,final_cue,12,-0.05426560714840889,0.005826095417881364,170,-0.04848397895693779,0.01349979676799872,40
lowercase_first_letter,payload_mean,final_cue,13,-0.045453328639268875,0.005272861555274503,170,-0.043197404593229294,0.012114490963248374,40
lowercase_first_letter,payload_mean,final_cue,14,-0.055534664541482925,0.005280224475231916,170,-0.05122362822294235,0.013002458812425547,40
lowercase_first_letter,payload_mean,final_cue,15,-0.049171555787324905,0.004920233404075446,170,-0.044198475778102875,0.012928765327869806,40
lowercase_first_letter,payload_mean,final_cue,16,-0.046954162418842316,0.004119114569569012,170,-0.04247528687119484,0.011040310295097383,40
lowercase_first_letter,payload_mean,final_cue,17,-0.044595617800951004,0.00372694979536076,170,-0.04320822283625603,0.00958402403243833,40
lowercase_first_letter,payload_mean,final_cue,18,-0.03991837054491043,0.0034666912893286423,170,-0.038192205131053925,0.009268524832469264,40
lowercase_first_letter,payload_mean,final_cue,19,-0.0464559942483902,0.0035112945269907205,170,-0.04577610269188881,0.009229312585411868,40
lowercase_first_letter,payload_mean,final_cue,20,-0.034946490079164505,0.0031652455747772806,170,-0.033864498138427734,0.007407629461830599,40
lowercase_first_letter,payload_mean,final_cue,21,-0.027979115024209023,0.0027625055674924386,170,-0.027225922793149948,0.005857921663923421,40
lowercase_first_letter,payload_mean,final_cue,22,-0.024439256638288498,0.0026407659574786886,170,-0.023404352366924286,0.005856331898634592,40
lowercase_first_letter,payload_mean,final_cue,23,-0.02247489057481289,0.002558122681003649,170,-0.021526522934436798,0.005511291572866848,40
lowercase_first_letter,payload_mean,final_cue,24,-0.011396571062505245,0.0023533632198736534,170,-0.009240737184882164,0.005045551601331919,40
lowercase_first_letter,payload_mean,final_cue,25,-0.0016794581897556782,0.0022503360552138365,170,0.00039498956175521016,0.004499847437103096,40
lowercase_first_letter,payload_mean,final_cue,26,0.009022671729326248,0.002325899271287452,170,0.008502771146595478,0.004641947361667514,40
lowercase_first_letter,payload_mean,final_cue,27,0.005324887577444315,0.0024827471808171898,170,0.003650373313575983,0.005236780515600164,40
lowercase_first_letter,payload_cf_zero,cue1,0,-0.020727263763546944,0.007056710487935422,170,-0.01109708845615387,0.013975882877843498,40
lowercase_first_letter,payload_cf_zero,cue1,1,-0.010873442515730858,0.0072704168825363695,170,0.0016043707728385925,0.01461557403663029,40
lowercase_first_letter,payload_cf_zero,cue1,2,-0.015452994965016842,0.007163986831702987,170,-0.004293501377105713,0.01425741799997468,40
lowercase_first_letter,payload_cf_zero,cue1,3,-0.009910442866384983,0.007441564056913164,170,-0.0013007133966311812,0.014217005329924091,40
lowercase_first_letter,payload_cf_zero,cue1,4,-0.03013620711863041,0.006712005832904738,170,-0.021460091695189476,0.015257777955225213,40
lowercase_first_letter,payload_cf_zero,cue1,5,-0.00303711649030447,0.005524091698569551,170,0.007352693472057581,0.011519608920646227,40
lowercase_first_letter,payload_cf_zero,cue1,6,-0.025876376777887344,0.005821401663552285,170,-0.016483034938573837,0.013002498865793327,40
lowercase_first_letter,payload_cf_zero,cue1,7,-0.021197328343987465,0.004376095333352335,170,-0.008386464789509773,0.009830498321278575,40
lowercase_first_letter,payload_cf_zero,cue1,8,0.006246475502848625,0.0031042104826460217,170,0.014832645654678345,0.006313493970243174,40
lowercase_first_letter,payload_cf_zero,cue1,9,-0.0005007598083466291,0.0028474331491696323,170,0.004727476742118597,0.006337035337156334,40
lowercase_first_letter,payload_cf_zero,cue1,10,-0.01408285554498434,0.0018351872277811315,170,-0.00983012467622757,0.004160267033286001,40
lowercase_first_letter,payload_cf_zero,cue1,11,0.002741104457527399,0.0014774341757176539,170,0.004792290739715099,0.0034858357626605728,40
lowercase_first_letter,payload_cf_zero,cue1,12,0.005751177668571472,0.0009566626614822088,170,0.006708794739097357,0.0020544650508416288,40
lowercase_first_letter,payload_cf_zero,cue1,13,0.008933440782129765,0.0008696390619234634,170,0.008843737654387951,0.0016176935302991279,40
lowercase_first_letter,payload_cf_zero,cue1,14,0.002877765102311969,0.0006713600846512121,170,0.0036000863183289766,0.002006584047505236,40
lowercase_first_letter,payload_cf_zero,cue1,15,0.004268521908670664,0.0006676849818695973,170,0.005484601948410273,0.0020459152766257446,40
lowercase_first_letter,payload_cf_zero,cue1,16,0.0019607446156442165,0.00044177230456296057,170,0.0025401487946510315,0.0012436765072573537,40
lowercase_first_letter,payload_cf_zero,cue1,17,0.0033503472805023193,0.00039156123334503715,170,0.003420040011405945,0.0009529318347546171,40
lowercase_first_letter,payload_cf_zero,cue1,18,0.0026359576731920242,0.00037788675954248465,170,0.00308716157451272,0.0010306484739468985,40
lowercase_first_letter,payload_cf_zero,cue1,19,0.0024187646340578794,0.00035639629048867086,170,0.002704095793887973,0.0008412899194244908,40
lowercase_first_letter,payload_cf_zero,cue1,20,0.0003162242064718157,0.0002848835732563926,170,-9.688139107311144e-05,0.0007900091656151604,40
lowercase_first_letter,payload_cf_zero,cue1,21,0.0007281520520336926,0.00028095402187545396,170,0.0009890735382214189,0.0007266433388631764,40
lowercase_first_letter,payload_cf_zero,cue1,22,0.0007827685330994427,0.0002699432850834937,170,0.0008751988643780351,0.0006624841756445784,40
lowercase_first_letter,payload_cf_zero,cue1,23,0.00041926081757992506,0.00025701253191148625,170,0.0005079209804534912,0.0006791901850123979,40
lowercase_first_letter,payload_cf_zero,cue1,24,-0.00012123514898121357,0.00022143246051357462,170,-0.0004013940633740276,0.0006050004878240123,40
lowercase_first_letter,payload_cf_zero,cue1,25,-3.895496774930507e-05,0.0001828712922547527,170,0.0005239307647570968,0.0003985141487181006,40
lowercase_first_letter,payload_cf_zero,cue1,26,-0.00018818413082044572,0.00013270786430042642,170,0.000319029379170388,0.0003096128274555759,40
lowercase_first_letter,payload_cf_zero,cue1,27,0.0,0.0,170,0.0,0.0,40
lowercase_first_letter,payload_cf_zero,target1,0,-0.9591855406761169,0.04393834970407044,170,-0.9473358392715454,0.10963108135524045,40
lowercase_first_letter,payload_cf_zero,target1,1,-0.9706392288208008,0.04418998156507834,170,-0.9602212905883789,0.10966284131981016,40
lowercase_first_letter,payload_cf_zero,target1,2,-0.9402504563331604,0.04374101316340974,170,-0.9231589436531067,0.10863852120434513,40
lowercase_first_letter,payload_cf_zero,target1,3,-0.9306581616401672,0.04304723810181755,170,-0.9187296628952026,0.1063393071045784,40
lowercase_first_letter,payload_cf_zero,target1,4,-0.8868882060050964,0.04153378519024536,170,-0.873139500617981,0.10239420116731972,40
lowercase_first_letter,payload_cf_zero,target1,5,-0.8612334132194519,0.04053517095658011,170,-0.8651727437973022,0.10045719202847514,40
lowercase_first_letter,payload_cf_zero,target1,6,-0.7833632230758667,0.037669834511816706,170,-0.7781221270561218,0.090358267816732,40
lowercase_first_letter,payload_cf_zero,target1,7,-0.6562127470970154,0.03371591278011256,170,-0.641055166721344,0.07923779424014205,40
lowercase_first_letter,payload_cf_zero,target1,8,-0.47785788774490356,0.02323257305891169,170,-0.472771555185318,0.055567926698819194,40
lowercase_first_letter,payload_cf_zero,target1,9,-0.3917446434497833,0.01904153844720686,170,-0.381274938583374,0.04615759056164158,40
lowercase_first_letter,payload_cf_zero,target1,10,-0.3292343020439148,0.015567497380890073,170,-0.330518901348114,0.03577835638960525,40
lowercase_first_letter,payload_cf_zero,target1,11,-0.38390907645225525,0.014157045348039167,170,-0.39425981044769287,0.02956591883333335,40
lowercase_first_letter,payload_cf_zero,target1,12,-0.17565029859542847,0.007869923711335814,170,-0.17934216558933258,0.01552506114666781,40
lowercase_first_letter,payload_cf_zero,target1,13,-0.08351371437311172,0.005267510081048568,170,-0.09356824308633804,0.012231192340478854,40
lowercase_first_letter,payload_cf_zero,target1,14,-0.09221610426902771,0.00612939171964903,170,-0.10790787637233734,0.014686979767061611,40
lowercase_first_letter,payload_cf_zero,target1,15,-0.06581596285104752,0.005649169908494142,170,-0.08450116217136383,0.0130278620719204,40
lowercase_first_letter,payload_cf_zero,target1,16,-0.040430646389722824,0.0036259032190263133,170,-0.04845396429300308,0.006273941858579757,40
lowercase_first_letter,payload_cf_zero,target1,17,-0.03874427452683449,0.003605671046421566,170,-0.04502898082137108,0.006302224837414025,40
lowercase_first_letter,payload_cf_zero,target1,18,-0.039256613701581955,0.003043016532016652,170,-0.044675715267658234,0.005549481870025719,40
lowercase_first_letter,payload_cf_zero,target1,19,-0.04167179390788078,0.0030110139732820802,170,-0.04575343802571297,0.00565959329021603,40
lowercase_first_letter,payload_cf_zero,target1,20,-0.03521735966205597,0.0027746130993556647,170,-0.03961177542805672,0.005364828776314897,40
lowercase_first_letter,payload_cf_zero,target1,21,-0.03458145260810852,0.0027495485998110755,170,-0.039388395845890045,0.005605812219648487,40
lowercase_first_letter,payload_cf_zero,target1,22,-0.03343231976032257,0.0026530763482154017,170,-0.038275085389614105,0.005284820407112423,40
lowercase_first_letter,payload_cf_zero,target1,23,-0.0378313809633255,0.0027823140221966483,170,-0.041092969477176666,0.005633391908466134,40
lowercase_first_letter,payload_cf_zero,target1,24,-0.04058041051030159,0.0025741236746542116,170,-0.042681675404310226,0.00549272801494068,40
lowercase_first_letter,payload_cf_zero,target1,25,0.0002740225463639945,0.00039693002914731746,170,-4.0964783693198115e-05,0.0005903238000054099,40
lowercase_first_letter,payload_cf_zero,target1,26,-0.00010653173376340419,0.0001433630802022234,170,8.281320333480835e-05,0.00022479948985593544,40
lowercase_first_letter,payload_cf_zero,target1,27,0.0,0.0,170,0.0,0.0,40
lowercase_first_letter,payload_cf_zero,final_cue,0,-0.16746024787425995,0.02053953294118588,170,-0.1383468061685562,0.04585220483703716,40
lowercase_first_letter,payload_cf_zero,final_cue,1,-0.1585550457239151,0.02051451101343305,170,-0.12762975692749023,0.046337368924885436,40
lowercase_first_letter,payload_cf_zero,final_cue,2,-0.15323705971240997,0.020367282328824003,170,-0.1240418329834938,0.0465966508670937,40
lowercase_first_letter,payload_cf_zero,final_cue,3,-0.15591323375701904,0.020196364299259233,170,-0.13038431107997894,0.044703158534302734,40
lowercase_first_letter,payload_cf_zero,final_cue,4,-0.1590714305639267,0.02000748497360588,170,-0.13246285915374756,0.04396818394768612,40
lowercase_first_letter,payload_cf_zero,final_cue,5,-0.1465681493282318,0.019357225711827186,170,-0.127128005027771,0.045460214306968845,40
lowercase_first_letter,payload_cf_zero,final_cue,6,-0.19831618666648865,0.01986800721226438,170,-0.17804628610610962,0.04700200508551806,40
lowercase_first_letter,payload_cf_zero,final_cue,7,-0.24425488710403442,0.021469689447967306,170,-0.2397482842206955,0.05199188662877548,40
lowercase_first_letter,payload_cf_zero,final_cue,8,-0.2104506492614746,0.019918149354322828,170,-0.2069271057844162,0.04542991982444382,40
lowercase_first_letter,payload_cf_zero,final_cue,9,-0.20605890452861786,0.016484145200997596,170,-0.20541851222515106,0.03569419012741506,40
lowercase_first_letter,payload_cf_zero,final_cue,10,-0.18042923510074615,0.01523523168912155,170,-0.15792159736156464,0.030378853766214586,40
lowercase_first_letter,payload_cf_zero,final_cue,11,-0.3146969974040985,0.017730292974992855,170,-0.3220425248146057,0.03505566876257551,40
lowercase_first_letter,payload_cf_zero,final_cue,12,-0.20340976119041443,0.015232611095336164,170,-0.20113980770111084,0.032217958337720155,40
lowercase_first_letter,payload_cf_zero,final_cue,13,-0.16090171039104462,0.012925961702559025,170,-0.16463080048561096,0.0274311779981573,40
lowercase_first_letter,payload_cf_zero,final_cue,14,-0.21465153992176056,0.014441836349077235,170,-0.21020595729351044,0.03333699053150403,40
lowercase_first_letter,payload_cf_zero,final_cue,15,-0.17091305553913116,0.0122339272272447,170,-0.16809578239917755,0.030571927491481205,40
lowercase_first_letter,payload_cf_zero,final_cue,16,-0.1511756032705307,0.009677119128884592,170,-0.14406618475914001,0.023752266743169766,40
lowercase_first_letter,payload_cf_zero,final_cue,17,-0.11820748448371887,0.008664592205098803,170,-0.11016013473272324,0.020760965789357825,40
lowercase_first_letter,payload_cf_zero,final_cue,18,-0.1086365208029747,0.007559638778518154,170,-0.09852983057498932,0.019534882723898184,40
lowercase_first_letter,payload_cf_zero,final_cue,19,-0.10439144819974899,0.007069538597374613,170,-0.09264057129621506,0.017607072901200678,40
lowercase_first_letter,payload_cf_zero,final_cue,20,-0.08471766859292984,0.006189768806166711,170,-0.07066301256418228,0.014076419187053742,40
lowercase_first_letter,payload_cf_zero,final_cue,21,-0.06703676283359528,0.004634870112440765,170,-0.057687461376190186,0.009910319971104777,40
lowercase_first_letter,payload_cf_zero,final_cue,22,-0.05769508704543114,0.004206254455834109,170,-0.04904524236917496,0.00892765889225244,40
lowercase_first_letter,payload_cf_zero,final_cue,23,-0.050761766731739044,0.0037103036533491637,170,-0.04025670140981674,0.007722238063386657,40
lowercase_first_letter,payload_cf_zero,final_cue,24,-0.027574460953474045,0.0034961732551309563,170,-0.015638718381524086,0.007436300604920273,40
lowercase_first_letter,payload_cf_zero,final_cue,25,-0.0007572875474579632,0.003131352714201876,170,0.011347590014338493,0.006472390392390489,40
lowercase_first_letter,payload_cf_zero,final_cue,26,0.016192955896258354,0.0029533249096964664,170,0.0229922067373991,0.006701255335889932,40
lowercase_first_letter,payload_cf_zero,final_cue,27,0.00535926129668951,0.0031648870002896376,170,0.008505994454026222,0.007146107476127179,40
lowercase_first_letter,payload_cf_mean,cue1,0,-0.0007847705273889005,0.001282445940805104,170,-0.0005375862237997353,0.002703950436091054,40
lowercase_first_letter,payload_cf_mean,cue1,1,-0.0013762670569121838,0.0013036605503626475,170,-0.0008331298595294356,0.0025511512556581927,40
lowercase_first_letter,payload_cf_mean,cue1,2,-0.0005870722816325724,0.0012626067715531479,170,0.00019965172396041453,0.002539353477276349,40
lowercase_first_letter,payload_cf_mean,cue1,3,0.0003022111486643553,0.0013002326639758,170,0.0017636672127991915,0.002685488484134624,40
lowercase_first_letter,payload_cf_mean,cue1,4,0.0026281492318958044,0.0011147107955370183,170,0.0040501877665519714,0.0024447465390479476,40
lowercase_first_letter,payload_cf_mean,cue1,5,0.002967244014143944,0.0011046069236245626,170,0.0051027326844632626,0.00186609789079931,40
lowercase_first_letter,payload_cf_mean,cue1,6,0.0019925194792449474,0.0010154333771527576,170,0.004920206964015961,0.0018039285847822625,40
lowercase_first_letter,payload_cf_mean,cue1,7,0.0019230375764891505,0.0008458477875267293,170,0.004812668077647686,0.0016428174470047151,40
lowercase_first_letter,payload_cf_mean,cue1,8,0.003238154575228691,0.0007846273366712809,170,0.006053158547729254,0.0015907382028027695,40
lowercase_first_letter,payload_cf_mean,cue1,9,0.002825857140123844,0.0007036080740510312,170,0.004729776177555323,0.0014854806028653641,40
lowercase_first_letter,payload_cf_mean,cue1,10,0.0007698800764046609,0.0005419571235455818,170,0.0017703622579574585,0.0011510279136543817,40
lowercase_first_letter,payload_cf_mean,cue1,11,-6.251825834624469e-05,0.0004422435942979141,170,0.0006083414191380143,0.0011019750548003436,40
lowercase_first_letter,payload_cf_mean,cue1,12,0.0012448326451703906,0.00036042718201987706,170,0.0013242304557934403,0.0008927965624477025,40
lowercase_first_letter,payload_cf_mean,cue1,13,0.0014423266984522343,0.0003250113798805225,170,0.0011495485669001937,0.0006823876070760311,40
lowercase_first_letter,payload_cf_mean,cue1,14,0.0008009749581106007,0.00031293916974720466,170,0.00017805249080993235,0.0006833629507580019,40
lowercase_first_letter,payload_cf_mean,cue1,15,0.0009712582104839385,0.00032461387648934087,170,0.0014058500528335571,0.0007456087557624098,40
lowercase_first_letter,payload_cf_mean,cue1,16,0.00012132945994380862,0.00026637191532970336,170,0.0010099441278725863,0.0007514705366861229,40
lowercase_first_letter,payload_cf_mean,cue1,17,0.00014366507821250707,0.00023325422208169376,170,0.0006815165397711098,0.0005459487916450939,40
lowercase_first_letter,payload_cf_mean,cue1,18,0.0003970779071096331,0.0002210473500852627,170,0.0006817594403401017,0.00045850021486728025,40
lowercase_first_letter,payload_cf_mean,cue1,19,-5.487782254931517e-05,0.00023625874771390822,170,7.038861804176122e-05,0.0005356668933414761,40
lowercase_first_letter,payload_cf_mean,cue1,20,-0.0003415388346184045,0.00022798078423578853,170,0.0002671823021955788,0.00047973332239328664,40
lowercase_first_letter,payload_cf_mean,cue1,21,-0.0001540478551760316,0.00021249275924717918,170,0.00011463761620689183,0.0005031215808904539,40
lowercase_first_letter,payload_cf_mean,cue1,22,-2.0966985175618902e-05,0.0002050164990371233,170,0.0007406666991300881,0.0004192008296467078,40
lowercase_first_letter,payload_cf_mean,cue1,23,-6.246233533602208e-05,0.0001729473147341551,170,0.0004375323769636452,0.00040003264257308413,40
lowercase_first_letter,payload_cf_mean,cue1,24,-0.00021127813670318574,0.00018878596771404257,170,0.00017065256542991847,0.00045031552268106695,40
lowercase_first_letter,payload_cf_mean,cue1,25,-0.0003585462982300669,0.00016888929797153807,170,-0.0005872398614883423,0.0002544280851416044,40
lowercase_first_letter,payload_cf_mean,cue1,26,-0.0003998132306151092,0.0001397947997605029,170,-0.00033601225004531443,0.0002849096367735941,40
lowercase_first_letter,payload_cf_mean,cue1,27,0.0,0.0,170,0.0,0.0,40
lowercase_first_letter,payload_cf_mean,target1,0,-0.2600848972797394,0.016377172859823538,170,-0.25403037667274475,0.038290220887161566,40
lowercase_first_letter,payload_cf_mean,target1,1,-0.26403898000717163,0.016423143537722954,170,-0.2571117877960205,0.03836348792115447,40
lowercase_first_letter,payload_cf_mean,target1,2,-0.25718966126441956,0.016607316537511407,170,-0.2472495138645172,0.03922431490149924,40
lowercase_first_letter,payload_cf_mean,target1,3,-0.25491154193878174,0.016537579942574442,170,-0.24976173043251038,0.04005553066265172,40
lowercase_first_letter,payload_cf_mean,target1,4,-0.25137442350387573,0.0160722651157369,170,-0.24761085212230682,0.03801690612974728,40
lowercase_first_letter,payload_cf_mean,target1,5,-0.24671195447444916,0.015503504834956749,170,-0.24359636008739471,0.03627057222626339,40
lowercase_first_letter,payload_cf_mean,target1,6,-0.21011169254779816,0.01399992172187152,170,-0.20247182250022888,0.032444476625083735,40
lowercase_first_letter,payload_cf_mean,target1,7,-0.1724872589111328,0.012701660360427585,170,-0.1634768694639206,0.029298291654143934,40
lowercase_first_letter,payload_cf_mean,target1,8,-0.1264169067144394,0.009024877564480192,170,-0.12455936521291733,0.021910085130586447,40
lowercase_first_letter,payload_cf_mean,target1,9,-0.10191473364830017,0.007570713158710212,170,-0.09868694096803665,0.018354264943030656,40
lowercase_first_letter,payload_cf_mean,target1,10,-0.07450511306524277,0.006536998054163778,170,-0.0747876986861229,0.01584107515021688,40
lowercase_first_letter,payload_cf_mean,target1,11,-0.08617959916591644,0.006021882231035318,170,-0.09032846987247467,0.012947049690261737,40
lowercase_first_letter,payload_cf_mean,target1,12,-0.05030355602502823,0.0035060364821332787,170,-0.055605899542570114,0.006452753050795727,40
lowercase_first_letter,payload_cf_mean,target1,13,-0.021772120147943497,0.002251466779145985,170,-0.027059799060225487,0.004577787462173773,40
lowercase_first_letter,payload_cf_mean,target1,14,-0.02630131132900715,0.0026609669869606042,170,-0.0334722138941288,0.0062301676507361525,40
lowercase_first_letter,payload_cf_mean,target1,15,-0.018001163378357887,0.0024620861474108874,170,-0.02673458494246006,0.005555657156905334,40
lowercase_first_letter,payload_cf_mean,target1,16,-0.010252879001200199,0.001661738462340428,170,-0.014942293055355549,0.0028514764139495404,40
lowercase_first_letter,payload_cf_mean,target1,17,-0.009633403271436691,0.0016992380679714163,170,-0.013889622874557972,0.0029878831645979986,40
lowercase_first_letter,payload_cf_mean,target1,18,-0.010999365709722042,0.0013171882371986452,170,-0.014480479061603546,0.0024133878444311885,40
lowercase_first_letter,payload_cf_mean,target1,19,-0.012532935477793217,0.0013055277091488988,170,-0.01575261913239956,0.002533285392057559,40
lowercase_first_letter,payload_cf_mean,target1,20,-0.010922561399638653,0.001246005487067097,170,-0.0142302755266428,0.0023620623987206765,40
lowercase_first_letter,payload_cf_mean,target1,21,-0.010890441946685314,0.0012277874745026986,170,-0.014123374596238136,0.0026609345916447703,40
lowercase_first_letter,payload_cf_mean,target1,22,-0.010772021487355232,0.00122425130147775,170,-0.014118405058979988,0.002366034603117319,40
lowercase_first_letter,payload_cf_mean,target1,23,-0.013144582509994507,0.001255653997951919,170,-0.015047712251543999,0.002526522852123864,40
lowercase_first_letter,payload_cf_mean,target1,24,-0.013532508164644241,0.0011128144936449985,170,-0.01488129235804081,0.0024217151162988495,40
lowercase_first_letter,payload_cf_mean,target1,25,-0.0002752482832875103,0.0002582977393044213,170,-0.0004838213208131492,0.0004911184921849766,40
lowercase_first_letter,payload_cf_mean,target1,26,-0.0002095944801112637,0.00011310261668696006,170,-6.533264968311414e-05,0.00014015876276013889,40
lowercase_first_letter,payload_cf_mean,target1,27,0.0,0.0,170,0.0,0.0,40
lowercase_first_letter,payload_cf_mean,final_cue,0,-0.03984943404793739,0.006535958045291252,170,-0.024592796340584755,0.015119353516174798,40
lowercase_first_letter,payload_cf_mean,final_cue,1,-0.03972094506025314,0.006561482834476951,170,-0.024619225412607193,0.0151026182766838,40
lowercase_first_letter,payload_cf_mean,final_cue,2,-0.040100328624248505,0.006557015939226109,170,-0.024595994502305984,0.014946099139718297,40
lowercase_first_letter,payload_cf_mean,final_cue,3,-0.04000787064433098,0.006523387080902961,170,-0.025627102702856064,0.015054475306651518,40
lowercase_first_letter,payload_cf_mean,final_cue,4,-0.03863801807165146,0.006548306722068877,170,-0.024264546111226082,0.015170740808997324,40
lowercase_first_letter,payload_cf_mean,final_cue,5,-0.033650100231170654,0.00637509895868421,170,-0.017700793221592903,0.01479090294192979,40
lowercase_first_letter,payload_cf_mean,final_cue,6,-0.03618035092949867,0.00635083703741515,170,-0.01909671537578106,0.014868552285573999,40
lowercase_first_letter,payload_cf_mean,final_cue,7,-0.03895500674843788,0.006406410082948587,170,-0.021774817258119583,0.015299692626567583,40
lowercase_first_letter,payload_cf_mean,final_cue,8,-0.0325094610452652,0.00625363335100803,170,-0.01721414178609848,0.014519899499444497,40
lowercase_first_letter,payload_cf_mean,final_cue,9,-0.0323866605758667,0.0058960685862651544,170,-0.017994236201047897,0.013264200502631647,40
lowercase_first_letter,payload_cf_mean,final_cue,10,-0.024889536201953888,0.005737942094399002,170,-0.009462326765060425,0.0125724552802528,40
lowercase_first_letter,payload_cf_mean,final_cue,11,-0.05099959671497345,0.005532026623406853,170,-0.03910956531763077,0.013142215614974789,40
lowercase_first_letter,payload_cf_mean,final_cue,12,-0.03714799880981445,0.005378541885426153,170,-0.024305088445544243,0.012803926048738451,40
lowercase_first_letter,payload_cf_mean,final_cue,13,-0.03147520497441292,0.0049433713157553535,170,-0.021985158324241638,0.011934850430711295,40
lowercase_first_letter,payload_cf_mean,final_cue,14,-0.037086647003889084,0.005060856889477062,170,-0.024650607258081436,0.012851968885351282,40
lowercase_first_letter,payload_cf_mean,final_cue,15,-0.0304091963917017,0.004813877068156654,170,-0.01832592859864235,0.013106098079598574,40
lowercase_first_letter,payload_cf_mean,final_cue,16,-0.03512335941195488,0.004277256775854942,170,-0.021882155910134315,0.010849332303397883,40
lowercase_first_letter,payload_cf_mean,final_cue,17,-0.02959410659968853,0.0037273015126470456,170,-0.01744275912642479,0.009489350829447057,40
lowercase_first_letter,payload_cf_mean,final_cue,18,-0.02643505483865738,0.003502494166198781,170,-0.01522817276418209,0.009064981863688884,40
lowercase_first_letter,payload_cf_mean,final_cue,19,-0.029903659597039223,0.0035897660535900056,170,-0.018602279946208,0.008722480803634419,40
lowercase_first_letter,payload_cf_mean,final_cue,20,-0.0245143324136734,0.0033824645707735104,170,-0.012667892500758171,0.00779889726421852,40
lowercase_first_letter,payload_cf_mean,final_cue,21,-0.019100520759820938,0.003210590533052841,170,-0.009641237556934357,0.007007379102697721,40
lowercase_first_letter,payload_cf_mean,final_cue,22,-0.017665700986981392,0.003093822965456588,170,-0.008017013780772686,0.00675071594391818,40
lowercase_first_letter,payload_cf_mean,final_cue,23,-0.016360051929950714,0.0030372719115795647,170,-0.006469207815825939,0.00658478014238339,40
lowercase_first_letter,payload_cf_mean,final_cue,24,-0.005932210944592953,0.002959787250542286,170,0.004031139425933361,0.006541246254746471,40
lowercase_first_letter,payload_cf_mean,final_cue,25,0.0009533552802167833,0.002892468390517221,170,0.010122491046786308,0.00626038791672676,40
lowercase_first_letter,payload_cf_mean,final_cue,26,0.007535597775131464,0.0028471777184190727,170,0.012733398005366325,0.006448578076224694,40
lowercase_first_letter,payload_cf_mean,final_cue,27,0.0037052982952445745,0.0027770285485337774,170,0.00758109986782074,0.006295867543319053,40
synonym,payload_zero,cue1,0,-0.1096208319067955,0.008669528818642622,170,-0.11249808222055435,0.013504712729873698,40
synonym,payload_zero,cue1,1,-0.10352485626935959,0.00797851835206432,170,-0.1007780060172081,0.012826638664350618,40
synonym,payload_zero,cue1,2,-0.10357165336608887,0.007743913493460075,170,-0.10145740211009979,0.013027803169908958,40
synonym,payload_zero,cue1,3,-0.09136960655450821,0.007432151976616808,170,-0.0872083231806755,0.013305668696727283,40
synonym,payload_zero,cue1,4,-0.08833956718444824,0.008375578310891524,170,-0.08031988888978958,0.014284008724020211,40
synonym,payload_zero,cue1,5,-0.08917921036481857,0.007597379671921903,170,-0.0776720643043518,0.013507284391693271,40
synonym,payload_zero,cue1,6,-0.0954430103302002,0.00693736546977899,170,-0.0780818834900856,0.01124477802545741,40
synonym,payload_zero,cue1,7,-0.0712587907910347,0.0050368058271497386,170,-0.058725494891405106,0.007928711996256409,40
synonym,payload_zero,cue1,8,-0.049506306648254395,0.003687498887368532,170,-0.03755861520767212,0.006734566779441033,40
synonym,payload_zero,cue1,9,-0.03853360936045647,0.003102978186418768,170,-0.030750716105103493,0.004658144236773929,40
synonym,payload_zero,cue1,10,-0.020749948918819427,0.0019050071091429141,170,-0.017203355208039284,0.0033077405243936834,40
synonym,payload_zero,cue1,11,-0.011787181720137596,0.001125759532653167,170,-0.010509383864700794,0.0019611592580459887,40
synonym,payload_zero,cue1,12,-0.00996164046227932,0.0009403163077424522,170,-0.009947973303496838,0.0018066500049659273,40
synonym,payload_zero,cue1,13,-0.005711142905056477,0.0007491086050823858,170,-0.005933857057243586,0.0016599258307382003,40
synonym,payload_zero,cue1,14,-0.0035237816628068686,0.0005321345754617277,170,-0.004040575120598078,0.0012408849936800727,40
synonym,payload_zero,cue1,15,-0.001823318307287991,0.0004495024776534842,170,-0.00294113764539361,0.001126474610184642,40
synonym,payload_zero,cue1,16,-0.00240303878672421,0.00041755559796534993,170,-0.002623307751491666,0.0009564108084329446,40
synonym,payload_zero,cue1,17,-0.0008882242254912853,0.00038208600965284896,170,-0.0012511133681982756,0.000868437709243237,40
synonym,payload_zero,cue1,18,-0.0016349998768419027,0.00038335423475804756,170,-0.001995295286178589,0.0007702591002960007,40
synonym,payload_zero,cue1,19,-0.0009891685331240296,0.0003526705087032746,170,-0.000530457473360002,0.0006904378922348843,40
synonym,payload_zero,cue1,20,0.0001972612226381898,0.0003018774682347398,170,3.685355113702826e-05,0.0006485080536245684,40
synonym,payload_zero,cue1,21,0.0003560585028026253,0.00026724869066679355,170,2.2673606508760713e-05,0.0005788906250743945,40
synonym,payload_zero,cue1,22,0.00019219552632421255,0.0002542002043475237,170,9.506940841674805e-06,0.0005019749427964573,40
synonym,payload_zero,cue1,23,0.0003078173322137445,0.00025516617687414454,170,6.431341171264648e-05,0.0005162879106944032,40
synonym,payload_zero,cue1,24,0.0002740109630394727,0.00022519347474240307,170,0.00016605854034423828,0.00043818723038751753,40
synonym,payload_zero,cue1,25,0.0005559829878620803,0.00022494081187259945,170,0.0007783770561218262,0.00047046166721341926,40
synonym,payload_zero,cue1,26,0.00024338153889402747,0.00020836038470734383,170,0.00032746195211075246,0.00045490038162422446,40
synonym,payload_zero,cue1,27,0.0,0.0,170,0.0,0.0,40
synonym,payload_zero,target1,0,-1.9810123443603516,0.08723167447673161,170,-1.8042080402374268,0.181429768309617,40
synonym,payload_zero,target1,1,-1.9890161752700806,0.0872413934167887,170,-1.8185930252075195,0.18269960143309555,40
synonym,payload_zero,target1,2,-1.987225890159607,0.08761445259943187,170,-1.8064727783203125,0.18414955219540388,40
synonym,payload_zero,target1,3,-1.9928128719329834,0.0885643487031872,170,-1.8119251728057861,0.18630611975994,40
synonym,payload_zero,target1,4,-1.9512479305267334,0.08609416534384023,170,-1.773461937904358,0.18324826660143959,40
synonym,payload_zero,target1,5,-1.949067234992981,0.08610539286819593,170,-1.77364981174469,0.17961507744381405,40
synonym,payload_zero,target1,6,-1.86180579662323,0.08395960999066064,170,-1.7094593048095703,0.17534075167204094,40
synonym,payload_zero,target1,7,-1.6303097009658813,0.07557029499115007,170,-1.5017261505126953,0.1544716182288704,40
synonym,payload_zero,target1,8,-1.017578125,0.04373395481747928,170,-1.0008946657180786,0.09499757872436734,40
synonym,payload_zero,target1,9,-0.6764287352561951,0.034113219026755175,170,-0.6385661363601685,0.06016452657991748,40
synonym,payload_zero,target1,10,-0.5683584809303284,0.030310368298153954,170,-0.5366507768630981,0.052950816087217696,40
synonym,payload_zero,target1,11,-0.3362137973308563,0.022634583957345997,170,-0.3150927424430847,0.041575287376760584,40
synonym,payload_zero,target1,12,-0.1873077005147934,0.01705131803966353,170,-0.20102238655090332,0.035748601449505035,40
synonym,payload_zero,target1,13,-0.1575961410999298,0.015245058058666577,170,-0.16405503451824188,0.03184244387829249,40
synonym,payload_zero,target1,14,-0.11521375179290771,0.015227140191519923,170,-0.1270197182893753,0.03210276720806306,40
synonym,payload_zero,target1,15,0.03850742056965828,0.009991481810776066,170,0.03758027404546738,0.02294240649528582,40
synonym,payload_zero,target1,16,0.04077012091875076,0.007312406383614419,170,0.04479119926691055,0.014415720689846657,40
synonym,payload_zero,target1,17,0.044206444174051285,0.00738850131850995,170,0.04680030420422554,0.013888468758742377,40
synonym,payload_zero,target1,18,0.020805981010198593,0.00535073364818847,170,0.025487905368208885,0.006527613384198141,40
synonym,payload_zero,target1,19,0.022922322154045105,0.004306273880548575,170,0.020195823162794113,0.005741653216477041,40
synonym,payload_zero,target1,20,0.012601961381733418,0.0028237869474391137,170,0.01289223413914442,0.0038447395603514426,40
synonym,payload_zero,target1,21,0.005636252928525209,0.002006144686253707,170,0.00427057733759284,0.0028038326384642316,40
synonym,payload_zero,target1,22,0.006162772420793772,0.0018416317113317496,170,0.005093926098197699,0.0026864915853894874,40
synonym,payload_zero,target1,23,0.004881347995251417,0.0015029021072754313,170,0.0040378691628575325,0.002137213099851315,40
synonym,payload_zero,target1,24,0.0036853861529380083,0.0009674547535517239,170,0.002135795308277011,0.0013204568989777592,40
synonym,payload_zero,target1,25,0.0026851100847125053,0.000758715544183979,170,0.002580887172371149,0.001118488307335718,40
synonym,payload_zero,target1,26,0.0005858740187250078,0.0002698886953320632,170,0.0011163949966430664,0.0007747640733861396,40
synonym,payload_zero,target1,27,0.0,0.0,170,0.0,0.0,40
synonym,payload_zero,final_cue,0,-0.313244104385376,0.020771955495458162,170,-0.31894367933273315,0.04979278709981707,40
synonym,payload_zero,final_cue,1,-0.3147331774234772,0.020786995623768532,170,-0.31472378969192505,0.04979747098776696,40
synonym,payload_zero,final_cue,2,-0.318945050239563,0.02053523576166863,170,-0.3204967975616455,0.0492712121445756,40
synonym,payload_zero,final_cue,3,-0.3268086016178131,0.020810616396710682,170,-0.3247932493686676,0.0501350501957453,40
synonym,payload_zero,final_cue,4,-0.31423336267471313,0.020643040109940707,170,-0.30964234471321106,0.04921275778842022,40
synonym,payload_zero,final_cue,5,-0.2960033118724823,0.02058392189130554,170,-0.2844969630241394,0.04826023686882293,40
synonym,payload_zero,final_cue,6,-0.3390367925167084,0.02143003653825176,170,-0.3385319113731384,0.05111975046223378,40
synonym,payload_zero,final_cue,7,-0.3370372951030731,0.022240738311655035,170,-0.33584100008010864,0.052020522430658286,40
synonym,payload_zero,final_cue,8,-0.2942799925804138,0.01940200323669043,170,-0.2876604497432709,0.04263128735005978,40
synonym,payload_zero,final_cue,9,-0.30207765102386475,0.018156000606790564,170,-0.3048120141029358,0.038182847232463096,40
synonym,payload_zero,final_cue,10,-0.2889784276485443,0.017408911947512172,170,-0.29736873507499695,0.038651080526142384,40
synonym,payload_zero,final_cue,11,-0.28962838649749756,0.018811256482624952,170,-0.3041325509548187,0.04655641843719813,40
synonym,payload_zero,final_cue,12,-0.24304401874542236,0.016592620412135797,170,-0.2545563280582428,0.04226734831392076,40
synonym,payload_zero,final_cue,13,-0.2112850397825241,0.014519666727349612,170,-0.2082320749759674,0.03473698296378741,40
synonym,payload_zero,final_cue,14,-0.1544577032327652,0.01314259212210542,170,-0.1664023995399475,0.02915378852751267,40
synonym,payload_zero,final_cue,15,-0.06616641581058502,0.010299823869875822,170,-0.07154165953397751,0.0228268713778819,40
synonym,payload_zero,final_cue,16,-0.0384642668068409,0.009381956039360144,170,-0.04632711410522461,0.02206147508039555,40
synonym,payload_zero,final_cue,17,-0.03315332531929016,0.008974554278019223,170,-0.03617172688245773,0.02120773519006752,40
synonym,payload_zero,final_cue,18,-0.02802130952477455,0.008038540006978314,170,-0.024388784542679787,0.01912790280995802,40
synonym,payload_zero,final_cue,19,-0.029597681015729904,0.007492477634124308,170,-0.02994481287896633,0.018464332775732503,40
synonym,payload_zero,final_cue,20,-0.02863648161292076,0.007469112863366162,170,-0.025487905368208885,0.017740194981181054,40
synonym,payload_zero,final_cue,21,-0.027827028185129166,0.007189852766656212,170,-0.0246351957321167,0.016684798164479025,40
synonym,payload_zero,final_cue,22,-0.032206255942583084,0.006885486170043358,170,-0.03383638337254524,0.015610178087322677,40
synonym,payload_zero,final_cue,23,-0.03178023546934128,0.006840240641187478,170,-0.037528496235609055,0.014437575692172223,40
synonym,payload_zero,final_cue,24,-0.03834981843829155,0.007231441692888305,170,-0.04903049394488335,0.016728582385664575,40
synonym,payload_zero,final_cue,25,-0.02770540490746498,0.006939054055613228,170,-0.040932852774858475,0.014963825111041756,40
synonym,payload_zero,final_cue,26,-0.01812240108847618,0.006940592925884497,170,-0.028627127408981323,0.013920396005024583,40
synonym,payload_zero,final_cue,27,-0.02469751611351967,0.006679716986013499,170,-0.030305732041597366,0.014139049695820383,40
synonym,payload_mean,cue1,0,-0.00834018737077713,0.002256837253534014,170,-0.0061934711411595345,0.003978547554255064,40
synonym,payload_mean,cue1,1,-0.008517082780599594,0.0022334523397468816,170,-0.006924182176589966,0.003924962921895681,40
synonym,payload_mean,cue1,2,-0.008240746334195137,0.0022244106911821814,170,-0.00547447195276618,0.003943158342250334,40
synonym,payload_mean,cue1,3,-0.008023022674024105,0.0021963760234413455,170,-0.005812853574752808,0.0038382261759261484,40
synonym,payload_mean,cue1,4,-0.008603431284427643,0.0021611522943691766,170,-0.006319874431937933,0.003747639299978687,40
synonym,payload_mean,cue1,5,-0.011367013677954674,0.001998683479743506,170,-0.009675974026322365,0.0034249272541984487,40
synonym,payload_mean,cue1,6,-0.011586091481149197,0.0019165207787969246,170,-0.009486365132033825,0.0031909033780268283,40
synonym,payload_mean,cue1,7,-0.011751384474337101,0.0017354633770168375,170,-0.00875478982925415,0.003148813473200418,40
synonym,payload_mean,cue1,8,-0.009723447263240814,0.00121161833656052,170,-0.00854415912181139,0.0025594882463577415,40
synonym,payload_mean,cue1,9,-0.005195466335862875,0.0009647678020573699,170,-0.004032081458717585,0.0019384768297146865,40
synonym,payload_mean,cue1,10,-0.0036715068854391575,0.0007039700771393527,170,-0.003385788295418024,0.0014892596086644762,40
synonym,payload_mean,cue1,11,-0.0020211476366966963,0.0005113173978661849,170,-0.0019596517086029053,0.0010599108459764248,40
synonym,payload_mean,cue1,12,-0.0027863841969519854,0.0005073331495900447,170,-0.002376460935920477,0.0010993818201190803,40
synonym,payload_mean,cue1,13,-0.0017957000527530909,0.0004428027776398486,170,-0.0021019638516008854,0.000961090205104467,40
synonym,payload_mean,cue1,14,-0.0009987750090658665,0.00034075333560689477,170,-0.0015910447109490633,0.0006995154284732921,40
synonym,payload_mean,cue1,15,-0.0005493314820341766,0.0002951801968132516,170,-0.00128040905110538,0.0005301083105216624,40
synonym,payload_mean,cue1,16,-0.000723900506272912,0.00028480180470166565,170,-0.0006757080554962158,0.0005396012900095243,40
synonym,payload_mean,cue1,17,-0.0005470759933814406,0.00030057227852847446,170,-0.0006470680236816406,0.0005827393561295513,40
synonym,payload_mean,cue1,18,-0.0007280377903953195,0.0002652798524416659,170,-0.0005384028190746903,0.00046709427603301777,40
synonym,payload_mean,cue1,19,-0.00023318809689953923,0.00023452844723808,170,0.0002839088556356728,0.0004733161323154294,40
synonym,payload_mean,cue1,20,6.67273998260498e-05,0.0002297342277661977,170,0.00013259053230285645,0.0005317612114040059,40
synonym,payload_mean,cue1,21,-2.403259350103326e-05,0.00022527901118641746,170,1.1312961760268081e-05,0.0005346862852922326,40
synonym,payload_mean,cue1,22,0.00014051514153834432,0.00021341805285533138,170,-0.0002648055669851601,0.0004785897398411336,40
synonym,payload_mean,cue1,23,1.4130157978797797e-05,0.00021564783973523606,170,-0.0003663301467895508,0.0004696120425121206,40
synonym,payload_mean,cue1,24,0.00010229699546471238,0.000172262487463184,170,0.00039885641308501363,0.00038729276333197745,40
synonym,payload_mean,cue1,25,-1.0486911378393415e-05,0.00016935576623678726,170,2.098083541568485e-06,0.00041971246724359883,40
synonym,payload_mean,cue1,26,0.00021534421830438077,0.000149143049155162,170,0.0006518363952636719,0.00035459025613791855,40
synonym,payload_mean,cue1,27,0.0,0.0,170,0.0,0.0,40
synonym,payload_mean,target1,0,-1.1056221723556519,0.05821867724671203,170,-1.0323086977005005,0.13278479292637455,40
synonym,payload_mean,target1,1,-1.103692650794983,0.05782904649412203,170,-1.031078815460205,0.13325693260145266,40
synonym,payload_mean,target1,2,-1.1071434020996094,0.05853947541207734,170,-1.0249789953231812,0.13466393672917815,40
synonym,payload_mean,target1,3,-1.1079860925674438,0.05857234883538429,170,-1.0232446193695068,0.13487240272807488,40
synonym,payload_mean,target1,4,-1.0769304037094116,0.056144360121722636,170,-0.9958001971244812,0.13062223149315402,40
synonym,payload_mean,target1,5,-1.0765295028686523,0.05603347460430734,170,-0.9912891387939453,0.12709880741189153,40
synonym,payload_mean,target1,6,-1.022013783454895,0.05521514990872852,170,-0.9575001001358032,0.12547532661171318,40
synonym,payload_mean,target1,7,-0.9588231444358826,0.05122820389528756,170,-0.9153941869735718,0.11094713135297712,40
synonym,payload_mean,target1,8,-0.6448285579681396,0.030375946000467707,170,-0.6380098462104797,0.06258131380668404,40
synonym,payload_mean,target1,9,-0.4489068388938904,0.024053809779333583,170,-0.4285605549812317,0.04137747086153262,40
synonym,payload_mean,target1,10,-0.373126745223999,0.021085320454552147,170,-0.35632413625717163,0.03612777018972258,40
synonym,payload_mean,target1,11,-0.2474624365568161,0.016619907502070323,170,-0.23636507987976074,0.028207412265749042,40
synonym,payload_mean,target1,12,-0.1538282334804535,0.013176824414148011,170,-0.16625474393367767,0.0240628028596547,40
synonym,payload_mean,target1,13,-0.13406726717948914,0.011704048421027395,170,-0.14190149307250977,0.021844397607425948,40
synonym,payload_mean,target1,14,-0.10313758999109268,0.011593562907024608,170,-0.11299169063568115,0.02259603910720028,40
synonym,payload_mean,target1,15,0.028101112693548203,0.007299497702059281,170,0.028986800462007523,0.016836623989172805,40
synonym,payload_mean,target1,16,0.02880988083779812,0.005353822817399939,170,0.03256624937057495,0.010871752765033296,40
synonym,payload_mean,target1,17,0.032866448163986206,0.005672272962733817,170,0.03570952266454697,0.011168455155110883,40
synonym,payload_mean,target1,18,0.014370431192219257,0.003938479314247485,170,0.01835445687174797,0.0049182036855332355,40
synonym,payload_mean,target1,19,0.01614784635603428,0.0028909843778568097,170,0.014303743839263916,0.004260984760691488,40
synonym,payload_mean,target1,20,0.0097022270783782,0.0020104171512743967,170,0.010237663984298706,0.0028862721881889883,40
synonym,payload_mean,target1,21,0.00385569897480309,0.0013777301822656238,170,0.0027021169662475586,0.002004471379609828,40
synonym,payload_mean,target1,22,0.00437620235607028,0.0012666265201321484,170,0.003473913762718439,0.0019549040116858406,40
synonym,payload_mean,target1,23,0.0026910624001175165,0.0009756781808502987,170,0.002433639718219638,0.0015916333661216645,40
synonym,payload_mean,target1,24,0.0023015576880425215,0.0007318653865484376,170,0.0015510141383856535,0.0011613764080446866,40
synonym,payload_mean,target1,25,0.002145074075087905,0.000578004859647521,170,0.001494377851486206,0.0008575806696116418,40
synonym,payload_mean,target1,26,0.0002531009668018669,0.00020993746959034463,170,0.0005805015680380166,0.0005867801077420102,40
synonym,payload_mean,target1,27,0.0,0.0,170,0.0,0.0,40
synonym,payload_mean,final_cue,0,-0.12996920943260193,0.009730508155785725,170,-0.14689193665981293,0.022697958435639192,40
synonym,payload_mean,final_cue,1,-0.13017116487026215,0.009762910717932808,170,-0.14707957208156586,0.0227296406495538,40
synonym,payload_mean,final_cue,2,-0.130695179104805,0.009722911519548717,170,-0.14708098769187927,0.022669876312663942,40
synonym,payload_mean,final_cue,3,-0.12896838784217834,0.009726967554151568,170,-0.1453193724155426,0.022604872052836174,40
synonym,payload_mean,final_cue,4,-0.12583515048027039,0.009656363523242903,170,-0.14273211359977722,0.022494475546910482,40
synonym,payload_mean,final_cue,5,-0.12264810502529144,0.009584093763837861,170,-0.13918833434581757,0.02238134363157341,40
synonym,payload_mean,final_cue,6,-0.12918317317962646,0.009657001242969135,170,-0.154550701379776,0.022032497646846377,40
synonym,payload_mean,final_cue,7,-0.12882249057292938,0.009751909481221895,170,-0.15209519863128662,0.022126757357717325,40
synonym,payload_mean,final_cue,8,-0.12059678137302399,0.009453182361291983,170,-0.13978880643844604,0.02089198742361017,40
synonym,payload_mean,final_cue,9,-0.1228097453713417,0.009244820583715613,170,-0.1435900628566742,0.0193726960353917,40
synonym,payload_mean,final_cue,10,-0.11506222188472748,0.009214067178494965,170,-0.13794341683387756,0.019283008298648905,40
synonym,payload_mean,final_cue,11,-0.10746493935585022,0.009405409953735934,170,-0.1268661469221115,0.021899770210342662,40
synonym,payload_mean,final_cue,12,-0.09192920476198196,0.009306321679822446,170,-0.1083076149225235,0.02225512133321339,40
synonym,payload_mean,final_cue,13,-0.07765370607376099,0.008443108029858325,170,-0.08670973777770996,0.01914063978091231,40
synonym,payload_mean,final_cue,14,-0.058883171528577805,0.008057387024908885,170,-0.07016529142856598,0.018247414338193792,40
synonym,payload_mean,final_cue,15,-0.02088298462331295,0.007202890592170246,170,-0.029741769656538963,0.016409084917158805,40
synonym,payload_mean,final_cue,16,-0.016603520140051842,0.006952353597645733,170,-0.028289133682847023,0.015930914854149197,40
synonym,payload_mean,final_cue,17,-0.016173923388123512,0.006718772176344066,170,-0.02661030925810337,0.01530658180582588,40
synonym,payload_mean,final_cue,18,-0.016132373362779617,0.006383979605875375,170,-0.025619465857744217,0.014882102104286195,40
synonym,payload_mean,final_cue,19,-0.018312713131308556,0.006296798862118858,170,-0.028548043221235275,0.01492293769077894,40
synonym,payload_mean,final_cue,20,-0.018077034503221512,0.006249166455757188,170,-0.02427572011947632,0.01432287933941124,40
synonym,payload_mean,final_cue,21,-0.020351160317659378,0.006086551925602674,170,-0.02887011133134365,0.013686887226943027,40
synonym,payload_mean,final_cue,22,-0.021888328716158867,0.006043668702614389,170,-0.03121698461472988,0.01339078799346261,40
synonym,payload_mean,final_cue,23,-0.022898739203810692,0.006097470304463853,170,-0.03250003606081009,0.013088829187883908,40
synonym,payload_mean,final_cue,24,-0.025402462109923363,0.006268969481843656,170,-0.035568077117204666,0.014006163223885777,40
synonym,payload_mean,final_cue,25,-0.021627964451909065,0.006097456590061139,170,-0.03272385150194168,0.01310287496153245,40
synonym,payload_mean,final_cue,26,-0.019866954535245895,0.006086814213554592,170,-0.029244501143693924,0.012807732296717856,40
synonym,payload_mean,final_cue,27,-0.02252281829714775,0.006066106036888958,170,-0.02800614759325981,0.012885288575183985,40
synonym,payload_cf_zero,cue1,0,-0.022719262167811394,0.007691351902189391,170,-0.01653841696679592,0.014945364042615497,40
synonym,payload_cf_zero,cue1,1,-0.02364485152065754,0.007873496313242974,170,-0.01834283396601677,0.015080260251180517,40
synonym,payload_cf_zero,cue1,2,-0.02887781150639057,0.007846821228529586,170,-0.021176427602767944,0.015213785220919158,40
synonym,payload_cf_zero,cue1,3,-0.04485850781202316,0.007704412013607837,170,-0.03411924093961716,0.014435263199202998,40
synonym,payload_cf_zero,cue1,4,-0.03206554800271988,0.0074543561660452284,170,-0.013317203149199486,0.014248146823373657,40
synonym,payload_cf_zero,cue1,5,-0.00237643183209002,0.006491037090632952,170,0.013386672362685204,0.012348791384363716,40
synonym,payload_cf_zero,cue1,6,-0.021465139463543892,0.005528182019179187,170,-0.009618008509278297,0.010158008819420963,40
synonym,payload_cf_zero,cue1,7,-0.004028331022709608,0.004723496297100059,170,0.0025242387782782316,0.009302764571720697,40
synonym,payload_cf_zero,cue1,8,-0.016204699873924255,0.003870684450161533,170,-0.012985795736312866,0.007082614052892908,40
synonym,payload_cf_zero,cue1,9,-0.017065836116671562,0.003924415194263639,170,-0.013795214705169201,0.007217543246584335,40
synonym,payload_cf_zero,cue1,10,-0.01227404922246933,0.0026521386259297894,170,-0.013531053438782692,0.005700351715073787,40
synonym,payload_cf_zero,cue1,11,-0.01797257550060749,0.0017488493483581173,170,-0.017386216670274734,0.003411266405194684,40
synonym,payload_cf_zero,cue1,12,-0.013784105889499187,0.0014963367655508907,170,-0.014511478133499622,0.0025981783270837,40
synonym,payload_cf_zero,cue1,13,-0.005670450162142515,0.0012040641292569102,170,-0.0056848167441785336,0.0022230072663827418,40
synonym,payload_cf_zero,cue1,14,-0.002020090352743864,0.0008848685489921479,170,-0.002067005727440119,0.001892413247941347,40
synonym,payload_cf_zero,cue1,15,-0.0028056169394403696,0.0008031487089665596,170,-0.0036101997829973698,0.0015136173574562272,40
synonym,payload_cf_zero,cue1,16,-0.002080473816022277,0.0007675061906073289,170,-0.0019734264351427555,0.0014533438126774518,40
synonym,payload_cf_zero,cue1,17,0.001462301122955978,0.0006543525824139215,170,0.0010744452010840178,0.0014556429054390751,40
synonym,payload_cf_zero,cue1,18,0.000871865195222199,0.0005968079843464864,170,0.0005612075328826904,0.0012653406670658466,40
synonym,payload_cf_zero,cue1,19,0.0017583896405994892,0.0005168275163026886,170,0.001276892377063632,0.0010411045381356,40
synonym,payload_cf_zero,cue1,20,0.001425613067112863,0.0004190196461697263,170,0.00030837656231597066,0.0008207145632975096,40
synonym,payload_cf_zero,cue1,21,0.0015338319353759289,0.0004026646494990923,170,0.00044482946395874023,0.0008262824231841255,40
synonym,payload_cf_zero,cue1,22,0.0017529884353280067,0.00037421808538714224,170,0.0007278561824932694,0.0007332453708156912,40
synonym,payload_cf_zero,cue1,23,0.0017578864935785532,0.00038235844054844046,170,0.0010106980334967375,0.0006997163579598247,40
synonym,payload_cf_zero,cue1,24,0.0008951197378337383,0.0003275529729919376,170,0.0003701746463775635,0.0007245222774311378,40
synonym,payload_cf_zero,cue1,25,0.001668937737122178,0.0002917012742767186,170,0.001723307417705655,0.0005942805058102921,40
synonym,payload_cf_zero,cue1,26,0.001195864169858396,0.0002805027680257163,170,0.0011632859241217375,0.0006417751119516231,40
synonym,payload_cf_zero,cue1,27,0.0,0.0,170,0.0,0.0,40
synonym,payload_cf_zero,target1,0,0.12783685326576233,0.013513866146661899,170,0.12573464214801788,0.02272948514824359,40
synonym,payload_cf_zero,target1,1,0.11904794722795486,0.014332986277598167,170,0.10941906273365021,0.023217792247422424,40
synonym,payload_cf_zero,target1,2,0.1191796213388443,0.01417370720447054,170,0.11287207901477814,0.02262876270867719,40
synonym,payload_cf_zero,target1,3,0.12908442318439484,0.01409674654790365,170,0.11949900537729263,0.022245840732290533,40
synonym,payload_cf_zero,target1,4,0.13321709632873535,0.01399660626501526,170,0.12796670198440552,0.022570887948314404,40
synonym,payload_cf_zero,target1,5,0.13053187727928162,0.013790611364774056,170,0.12696196138858795,0.022538821693285194,40
synonym,payload_cf_zero,target1,6,0.11194508522748947,0.012159508306647585,170,0.10074250400066376,0.019119704828005474,40
synonym,payload_cf_zero,target1,7,0.09834808111190796,0.010258585803779844,170,0.09183827042579651,0.017847016135012196,40
synonym,payload_cf_zero,target1,8,0.06792206317186356,0.00745150471314748,170,0.049803219735622406,0.013155449718905653,40
synonym,payload_cf_zero,target1,9,0.05864361673593521,0.006630259992657337,170,0.04299456626176834,0.01239146706969392,40
synonym,payload_cf_zero,target1,10,0.05016341432929039,0.006149401604643111,170,0.038534365594387054,0.0122026649182971,40
synonym,payload_cf_zero,target1,11,0.03495829552412033,0.0053872122451090266,170,0.025110553950071335,0.012036117124863424,40
synonym,payload_cf_zero,target1,12,0.03046921081840992,0.004575091031024787,170,0.029492806643247604,0.011082733879818616,40
synonym,payload_cf_zero,target1,13,0.028942950069904327,0.00427019814420776,170,0.032116543501615524,0.01111487788550293,40
synonym,payload_cf_zero,target1,14,0.03259655833244324,0.003986019434107554,170,0.03413800522685051,0.010010108224769705,40
synonym,payload_cf_zero,target1,15,0.004147353116422892,0.002146945744598805,170,0.008987409062683582,0.005962312520762452,40
synonym,payload_cf_zero,target1,16,0.0022856842260807753,0.001383972092659478,170,0.0033873796928673983,0.0025141198555744503,40
synonym,payload_cf_zero,target1,17,0.0028760316781699657,0.0014267600291205695,170,0.0038430928252637386,0.0027616134437227053,40
synonym,payload_cf_zero,target1,18,0.001918321126140654,0.001142712677283865,170,0.002485042903572321,0.0018662925619471267,40
synonym,payload_cf_zero,target1,19,-0.0007135927444323897,0.0009544151423081692,170,-0.0007040441269055009,0.001479305021475692,40
synonym,payload_cf_zero,target1,20,9.23738771234639e-05,0.0008611907041345326,170,0.00039220452890731394,0.0011952099442997099,40
synonym,payload_cf_zero,target1,21,-0.0005253728595562279,0.0008190679876342811,170,0.0005252599949017167,0.0011243115074419364,40
synonym,payload_cf_zero,target1,22,-0.00019690640328917652,0.0006220350209919979,170,0.0003724217531271279,0.0009298348835177892,40
synonym,payload_cf_zero,target1,23,0.0003715844650287181,0.0004555809937962463,170,0.0008754253503866494,0.0007577648056288515,40
synonym,payload_cf_zero,target1,24,-0.0001749708317220211,0.0003029982635107562,170,0.0002330779971089214,0.0005120135757928182,40
synonym,payload_cf_zero,target1,25,0.00022110693680588156,0.00023995493996115585,170,0.0008198142168112099,0.0004516268287108021,40
synonym,payload_cf_zero,target1,26,-2.065090484393295e-05,0.00018802890768398212,170,-3.3903121220646426e-05,0.0004469406951217209,40
synonym,payload_cf_zero,target1,27,0.0,0.0,170,0.0,0.0,40
synonym,payload_cf_zero,final_cue,0,-0.09605243802070618,0.022079941511293655,170,-0.09595316648483276,0.044939416858278416,40
synonym,payload_cf_zero,final_cue,1,-0.10268503427505493,0.022312544638535013,170,-0.10121188312768936,0.045148702773174426,40
synonym,payload_cf_zero,final_cue,2,-0.10529990494251251,0.02244631263687966,170,-0.10724394023418427,0.045390219868731686,40
synonym,payload_cf_zero,final_cue,3,-0.11638191342353821,0.0224119626295471,170,-0.11500225216150284,0.046441568939207395,40
synonym,payload_cf_zero,final_cue,4,-0.07956045866012573,0.02229330790299397,170,-0.07677213847637177,0.04566018427973513,40
synonym,payload_cf_zero,final_cue,5,-0.07346073538064957,0.022281554659867538,170,-0.07175002992153168,0.04680244507075141,40
synonym,payload_cf_zero,final_cue,6,-0.11608906835317612,0.02325373209656657,170,-0.1102520003914833,0.04848069531724932,40
synonym,payload_cf_zero,final_cue,7,-0.1094236746430397,0.02286382934165606,170,-0.10353472083806992,0.0488550340925286,40
synonym,payload_cf_zero,final_cue,8,-0.03651487082242966,0.0218334754086416,170,-0.021324897184967995,0.04547783307663148,40
synonym,payload_cf_zero,final_cue,9,-0.013986085541546345,0.01970330180712933,170,-0.03171103447675705,0.04337537996804766,40
synonym,payload_cf_zero,final_cue,10,-0.014993377029895782,0.020388450509414024,170,-0.022472470998764038,0.0435175788479913,40
synonym,payload_cf_zero,final_cue,11,0.029389847069978714,0.02093967121198907,170,0.029827117919921875,0.04326833380853281,40
synonym,payload_cf_zero,final_cue,12,-0.016796598210930824,0.01984933505296842,170,-0.019834905862808228,0.037901319178573284,40
synonym,payload_cf_zero,final_cue,13,0.023996179923415184,0.01761678457805839,170,0.022443879395723343,0.03833381308778982,40
synonym,payload_cf_zero,final_cue,14,0.05060390755534172,0.017302000178283438,170,0.04691068083047867,0.03767950598388372,40
synonym,payload_cf_zero,final_cue,15,0.05141271650791168,0.016104066529898327,170,0.046457208693027496,0.03452485797193988,40
synonym,payload_cf_zero,final_cue,16,0.03663153201341629,0.015219959558831925,170,0.035678695887327194,0.03142615980262489,40
synonym,payload_cf_zero,final_cue,17,0.023751040920615196,0.014594901654908246,170,0.01856713369488716,0.03145782316789584,40
synonym,payload_cf_zero,final_cue,18,0.0009927006904035807,0.013387798785441515,170,0.010500687174499035,0.027811399906339438,40
synonym,payload_cf_zero,final_cue,19,-0.001129085198044777,0.011936473261033463,170,-0.001524078892543912,0.02510778580073372,40
synonym,payload_cf_zero,final_cue,20,0.003328911028802395,0.011732729808571242,170,0.006096976809203625,0.02428186650845014,40
synonym,payload_cf_zero,final_cue,21,-0.00034791301004588604,0.0111196331495485,170,0.0016834497218951583,0.023904464828575857,40
synonym,payload_cf_zero,final_cue,22,-0.0026928859297186136,0.010867997859939924,170,-0.0010854363208636642,0.02351264864846141,40
synonym,payload_cf_zero,final_cue,23,0.00679293368011713,0.01039984872320803,170,0.008662372827529907,0.023154917884328413,40
synonym,payload_cf_zero,final_cue,24,0.006335029378533363,0.01019970644432529,170,0.004806202836334705,0.022128800079474147,40
synonym,payload_cf_zero,final_cue,25,0.009179146029055119,0.010032882163970833,170,0.009136003442108631,0.019727547669205394,40
synonym,payload_cf_zero,final_cue,26,0.009921575896441936,0.010572346194818767,170,0.019457925111055374,0.019615512509321375,40
synonym,payload_cf_zero,final_cue,27,-0.020633796229958534,0.011208867053678085,170,-0.013098746538162231,0.019635914988044772,40
synonym,payload_cf_mean,cue1,0,0.0037226371932774782,0.001353773692173687,170,0.0022316635586321354,0.002890496640449633,40
synonym,payload_cf_mean,cue1,1,0.003795997239649296,0.001316838948504507,170,0.0015132725238800049,0.0027514531412589586,40
synonym,payload_cf_mean,cue1,2,0.003396838903427124,0.001304094839781944,170,0.0023044527042657137,0.0026492183925487744,40
synonym,payload_cf_mean,cue1,3,0.0037926589138805866,0.001292114166143828,170,0.0024472058285027742,0.0027587952769852465,40
synonym,payload_cf_mean,cue1,4,0.003393008140847087,0.0012779744740866906,170,0.000940000987611711,0.0026532493517018307,40
synonym,payload_cf_mean,cue1,5,0.0008304325747303665,0.001193690040753468,170,-0.0009318768861703575,0.002462703995276374,40
synonym,payload_cf_mean,cue1,6,0.0024365046992897987,0.0010123377078858355,170,0.003168094204738736,0.002211282084730001,40
synonym,payload_cf_mean,cue1,7,0.0019603841938078403,0.0008625375727677978,170,0.002400386380031705,0.0017021756545256767,40
synonym,payload_cf_mean,cue1,8,-0.0007106293924152851,0.0006425002670137128,170,-0.0009422898292541504,0.0013273435749005691,40
synonym,payload_cf_mean,cue1,9,-0.0005580688011832535,0.0006537663631270522,170,-0.000514811254106462,0.001010056698884228,40
synonym,payload_cf_mean,cue1,10,-0.0008628764771856368,0.0005077110099565048,170,-0.001484215259552002,0.0010926457860905342,40
synonym,payload_cf_mean,cue1,11,-0.0019190623424947262,0.0003750397709685363,170,-0.0023428977001458406,0.0008791978550660094,40
synonym,payload_cf_mean,cue1,12,-0.0014551447238773108,0.00035894509794734734,170,-0.0018070876831188798,0.0007725704152249981,40
synonym,payload_cf_mean,cue1,13,-0.0004309331707190722,0.00033413006481672087,170,-0.0008108615875244141,0.0006867690331971696,40
synonym,payload_cf_mean,cue1,14,0.00011278285819571465,0.0002611813889054179,170,0.00020290612883400172,0.0006174303584161465,40
synonym,payload_cf_mean,cue1,15,-7.22183904144913e-05,0.0002534909661540124,170,-0.0003981768968515098,0.00047841737783015044,40
synonym,payload_cf_mean,cue1,16,-0.0003240494115743786,0.0002721882328070243,170,-0.0002806067350320518,0.0005360152251116432,40
synonym,payload_cf_mean,cue1,17,0.00035275606205686927,0.00025254842239869573,170,-0.0003201425133738667,0.0005265097289463498,40
synonym,payload_cf_mean,cue1,18,0.00017823577218223363,0.0002271020088816358,170,0.0003577768802642822,0.00042256663783555177,40
synonym,payload_cf_mean,cue1,19,5.7127897889586166e-05,0.00023178385239481613,170,-0.00041025876998901367,0.000496311956161362,40
synonym,payload_cf_mean,cue1,20,0.00019651581533253193,0.00023756049096219968,170,-0.00011076331429649144,0.0005292601583706499,40
synonym,payload_cf_mean,cue1,21,-4.840633482672274e-05,0.00019254867838591516,170,-0.00027727484120987356,0.00046929566508316096,40
synonym,payload_cf_mean,cue1,22,0.00025987764820456505,0.00022428907416963644,170,-0.0002909124013967812,0.0004411053096618854,40
synonym,payload_cf_mean,cue1,23,0.00015031029761303216,0.0002219992867778553,170,7.734298560535535e-05,0.0005027037815605419,40
synonym,payload_cf_mean,cue1,24,0.0001932508748723194,0.0001795546568170094,170,-9.801387932384387e-05,0.00035369822198838145,40
synonym,payload_cf_mean,cue1,25,0.00018822024867404252,0.00017107067372415193,170,-0.0003103494527749717,0.00036177004319516834,40
synonym,payload_cf_mean,cue1,26,0.00023946586588863283,0.00015880574766102135,170,0.00013383626355789602,0.00025457951853164693,40
synonym,payload_cf_mean,cue1,27,0.0,0.0,170,0.0,0.0,40
synonym,payload_cf_mean,target1,0,0.004640890751034021,0.008706880565869343,170,0.00474857073277235,0.01927480089237453,40
synonym,payload_cf_mean,target1,1,0.006526453420519829,0.00860853344113589,170,0.004389393143355846,0.01906641382217313,40
synonym,payload_cf_mean,target1,2,-7.164022827055305e-05,0.00878443779895432,170,-0.00018765925779007375,0.018570723944880112,40
synonym,payload_cf_mean,target1,3,0.00325677334330976,0.008972174829148236,170,0.0015074253315106034,0.01895343033990489,40
synonym,payload_cf_mean,target1,4,7.157465734053403e-05,0.00842580388223315,170,0.0005350649589672685,0.01804138099236963,40
synonym,payload_cf_mean,target1,5,0.0026695397682487965,0.008187653850527174,170,0.0036398947704583406,0.01694360417843484,40
synonym,payload_cf_mean,target1,6,-0.004377100616693497,0.0073164841326882335,170,-0.00858085136860609,0.015023097027115954,40
synonym,payload_cf_mean,target1,7,-0.004274941515177488,0.006535154038432107,170,-0.008377832360565662,0.013782498149956463,40
synonym,payload_cf_mean,target1,8,-0.007650527637451887,0.004930010058910633,170,-0.009430432692170143,0.010553599440428638,40
synonym,payload_cf_mean,target1,9,-0.008258375339210033,0.004585625978043403,170,-0.010105038061738014,0.010341777204919921,40
synonym,payload_cf_mean,target1,10,-0.002768169855698943,0.004335326128399164,170,-0.0038620769046247005,0.009715993989074894,40
synonym,payload_cf_mean,target1,11,0.0006054317345842719,0.004104103298647688,170,0.0012362062698230147,0.009425870953675418,40
synonym,payload_cf_mean,target1,12,0.0015844748122617602,0.00394117619439797,170,-0.00019868016534019262,0.00901393325743215,40
synonym,payload_cf_mean,target1,13,0.0010562051320448518,0.0038221911793127968,170,0.00037316681118682027,0.00901211024017801,40
synonym,payload_cf_mean,target1,14,0.002758990740403533,0.003317916591530246,170,0.0025037885643541813,0.008466268245242412,40
synonym,payload_cf_mean,target1,15,0.0031661749817430973,0.002264213459319057,170,0.007598608732223511,0.006357901963729897,40
synonym,payload_cf_mean,target1,16,0.0011809593997895718,0.0010901616575319398,170,0.0005295872688293457,0.0012616741641085895,40
synonym,payload_cf_mean,target1,17,0.002853840123862028,0.0011793051323186255,170,0.0035566091537475586,0.0012587944447691735,40
synonym,payload_cf_mean,target1,18,0.002986122155562043,0.001087597135653486,170,0.0027829110622406006,0.0011529435543215151,40
synonym,payload_cf_mean,target1,19,0.0019996282644569874,0.0009590856821534871,170,0.0010126233100891113,0.0007987494142105464,40
synonym,payload_cf_mean,target1,20,0.0006864736787974834,0.0006473010936848196,170,0.0003508925437927246,0.0009212026464858856,40
synonym,payload_cf_mean,target1,21,0.0006748150335624814,0.0005354102105496887,170,1.6856192814884707e-05,0.0007164959948419471,40
synonym,payload_cf_mean,target1,22,8.217832510126755e-05,0.00045059562983652894,170,-0.00027718543424271047,0.000723185054516368,40
synonym,payload_cf_mean,target1,23,0.00013015235890634358,0.00036227209061630744,170,1.220107060362352e-05,0.0005875545955649626,40
synonym,payload_cf_mean,target1,24,-0.00012650946155190468,0.00026407864576535796,170,-0.00015685558901168406,0.0006121799067436906,40
synonym,payload_cf_mean,target1,25,-8.974005140771624e-06,0.00018756935019197585,170,-0.00015923380851745605,0.0003885671819770468,40
synonym,payload_cf_mean,target1,26,2.5375449695275165e-05,0.0001381240265782283,170,-3.3408403396606445e-05,0.0002069909084614296,40
synonym,payload_cf_mean,target1,27,0.0,0.0,170,0.0,0.0,40
synonym,payload_cf_mean,final_cue,0,-0.014909514226019382,0.010983690275506696,170,-0.007514762692153454,0.01982084963337029,40
synonym,payload_cf_mean,final_cue,1,-0.015262220986187458,0.011012775095063732,170,-0.008146566338837147,0.019906094980410103,40
synonym,payload_cf_mean,final_cue,2,-0.015010525472462177,0.010995188659316014,170,-0.008432012982666492,0.01980031639218149,40
synonym,payload_cf_mean,final_cue,3,-0.015115377493202686,0.010962912955394042,170,-0.008130336180329323,0.01970561845034541,40
synonym,payload_cf_mean,final_cue,4,-0.017490798607468605,0.011034251849714832,170,-0.010768878273665905,0.019836920458172216,40
synonym,payload_cf_mean,final_cue,5,-0.018136173486709595,0.01100124813958209,170,-0.012566560879349709,0.01951552870097846,40
synonym,payload_cf_mean,final_cue,6,-0.017692970111966133,0.010906154756892683,170,-0.011808151379227638,0.019503059145156116,40
synonym,payload_cf_mean,final_cue,7,-0.014982935972511768,0.010863134961310698,170,-0.007972920313477516,0.019417551095145272,40
synonym,payload_cf_mean,final_cue,8,-0.012711264193058014,0.010616165997225773,170,-0.007017737720161676,0.018903720576368244,40
synonym,payload_cf_mean,final_cue,9,-0.011065027676522732,0.01044834513694072,170,-0.005725300405174494,0.018683121941154616,40
synonym,payload_cf_mean,final_cue,10,-0.010702117346227169,0.010393424668403121,170,-0.002320802304893732,0.018415256797838973,40
synonym,payload_cf_mean,final_cue,11,-0.0033739798236638308,0.010470125894185327,170,0.006956428289413452,0.018714863057080665,40
synonym,payload_cf_mean,final_cue,12,-0.009031051769852638,0.010161462689488672,170,-0.0020909428130835295,0.018236338403962177,40
synonym,payload_cf_mean,final_cue,13,-0.007943399250507355,0.010040402228126018,170,-0.001464885426685214,0.017879983590816474,40
synonym,payload_cf_mean,final_cue,14,-0.011365863494575024,0.010054589777734296,170,-0.004185962490737438,0.01776192746732282,40
synonym,payload_cf_mean,final_cue,15,-0.012736452743411064,0.00999656528271562,170,-0.005371731705963612,0.0172090237102354,40
synonym,payload_cf_mean,final_cue,16,-0.01752423867583275,0.009824438099978176,170,-0.011489165015518665,0.01733848326314429,40
synonym,payload_cf_mean,final_cue,17,-0.01718255504965782,0.009766901609122762,170,-0.009165030904114246,0.01781960549496739,40
synonym,payload_cf_mean,final_cue,18,-0.015450356528162956,0.00982954557212248,170,-0.004597991704940796,0.017784092294228573,40
synonym,payload_cf_mean,final_cue,19,-0.013748875819146633,0.009701769624897234,170,-0.004954868461936712,0.01771262766178581,40
synonym,payload_cf_mean,final_cue,20,-0.014536671340465546,0.0097085696829099,170,-0.00558167090639472,0.018022028147490134,40
synonym,payload_cf_mean,final_cue,21,-0.012849831953644753,0.009707458816290017,170,-0.004464560654014349,0.017759772831744257,40
synonym,payload_cf_mean,final_cue,22,-0.01425856165587902,0.009722894376545324,170,-0.008346539922058582,0.017615347455768097,40
synonym,payload_cf_mean,final_cue,23,-0.014825757592916489,0.009689838094535512,170,-0.007899331860244274,0.017385452905108643,40
synonym,payload_cf_mean,final_cue,24,-0.01594362035393715,0.009741894538639542,170,-0.011589753441512585,0.017117925859338676,40
synonym,payload_cf_mean,final_cue,25,-0.015705257654190063,0.009731249876399208,170,-0.010191619396209717,0.016898732626118063,40
synonym,payload_cf_mean,final_cue,26,-0.016118448227643967,0.00975169005077846,170,-0.010616505518555641,0.016955421099970402,40
synonym,payload_cf_mean,final_cue,27,-0.017410650849342346,0.009697054156097189,170,-0.012103671208024025,0.017098160700379082,40
word_length,payload_zero,cue1,0,-0.07246529310941696,0.005384435649992763,170,-0.07891770452260971,0.012543958487116995,40
word_length,payload_zero,cue1,1,-0.07297712564468384,0.005458779712808393,170,-0.08081402629613876,0.012905537908677633,40
word_length,payload_zero,cue1,2,-0.06779319792985916,0.00534400787652384,170,-0.07685986161231995,0.012312183784252301,40
word_length,payload_zero,cue1,3,-0.07205575704574585,0.005567432068314991,170,-0.07953204214572906,0.012502920277704888,40
word_length,payload_zero,cue1,4,-0.07690344005823135,0.005682051331869342,170,-0.08694013208150864,0.01264031746567575,40
word_length,payload_zero,cue1,5,-0.08817799389362335,0.005736886656823422,170,-0.09736822545528412,0.013364986556370407,40
word_length,payload_zero,cue1,6,-0.07364170998334885,0.0054447253071931365,170,-0.08067552745342255,0.012049816554684683,40
word_length,payload_zero,cue1,7,-0.07744476944208145,0.004914826500805206,170,-0.08094257116317749,0.011760121147888278,40
word_length,payload_zero,cue1,8,-0.05771876126527786,0.003918402857256893,170,-0.06128258630633354,0.009379105112670656,40
word_length,payload_zero,cue1,9,-0.05078651383519173,0.004003635584394487,170,-0.05576850846409798,0.008905676072562043,40
word_length,payload_zero,cue1,10,-0.02682386338710785,0.003327667817577066,170,-0.029260555282235146,0.007143625934385113,40
word_length,payload_zero,cue1,11,-0.002603971166536212,0.002029758173419417,170,-0.00020152628712821752,0.004408413550231094,40
word_length,payload_zero,cue1,12,-0.0036749790888279676,0.001470365401126797,170,-0.0014944940339773893,0.00333669969831931,40
word_length,payload_zero,cue1,13,0.0030784334521740675,0.001223873726828013,170,0.004710721783339977,0.0025909003945498847,40
word_length,payload_zero,cue1,14,-0.002511196304112673,0.00094294240157476,170,-0.002216449473053217,0.0023864507765583775,40
word_length,payload_zero,cue1,15,0.0019251381745561957,0.0009144664443549086,170,0.001010748790577054,0.0023703590415423874,40
word_length,payload_zero,cue1,16,0.004072011448442936,0.0008054947289809298,170,0.002951848553493619,0.0022683638767637447,40
word_length,payload_zero,cue1,17,0.004498290829360485,0.0005628291944665734,170,0.005907326936721802,0.0013197812929065156,40
word_length,payload_zero,cue1,18,0.002884641755372286,0.0004955532633791727,170,0.0033826648723334074,0.0010638767184068375,40
word_length,payload_zero,cue1,19,0.005113758146762848,0.0005058138151997249,170,0.0064691780135035515,0.0010403033971524698,40
word_length,payload_zero,cue1,20,0.0045826630666852,0.00043665340374972767,170,0.0055696130730211735,0.0007990984822558566,40
word_length,payload_zero,cue1,21,0.0045776390470564365,0.0004218155271648084,170,0.005211851093918085,0.0007782299413669211,40
word_length,payload_zero,cue1,22,0.004211121238768101,0.00038997993414036883,170,0.00402581412345171,0.0005653053547140616,40
word_length,payload_zero,cue1,23,0.004969399888068438,0.0003790507337582978,170,0.005182445049285889,0.0006837244618532293,40
word_length,payload_zero,cue1,24,-0.0006238144706003368,0.0002453026820123938,170,-0.0005983710289001465,0.00038610062343414167,40
word_length,payload_zero,cue1,25,7.146246207412332e-05,0.000244419995910592,170,0.0009391099447384477,0.0004355112751939349,40
word_length,payload_zero,cue1,26,0.0009335202048532665,0.0002442609231249385,170,0.001299315714277327,0.0004548084944863744,40
word_length,payload_zero,cue1,27,0.0,0.0,170,0.0,0.0,40
word_length,payload_zero,target1,0,-2.0211691856384277,0.06598778124079163,170,-2.218747854232788,0.15957968548004664,40
word_length,payload_zero,target1,1,-2.0883612632751465,0.0670950775445027,170,-2.3039450645446777,0.1629892731779152,40
word_length,payload_zero,target1,2,-2.0823726654052734,0.06790527417073931,170,-2.2920093536376953,0.16408311651552587,40
word_length,payload_zero,target1,3,-2.1060338020324707,0.06865131939254451,170,-2.3147292137145996,0.16637786348674483,40
word_length,payload_zero,target1,4,-1.8220399618148804,0.06194828163614824,170,-2.049957513809204,0.14738875030830817,40
word_length,payload_zero,target1,5,-1.687281847000122,0.05945918154399023,170,-1.887927770614624,0.1416188317836003,40
word_length,payload_zero,target1,6,-1.5347166061401367,0.053192723512143686,170,-1.6916754245758057,0.1281484318314722,40
word_length,payload_zero,target1,7,-1.426518201828003,0.05007270603750216,170,-1.5468409061431885,0.12039639936363768,40
word_length,payload_zero,target1,8,-1.1727888584136963,0.04205729594213551,170,-1.2836227416992188,0.0969302055535606,40
word_length,payload_zero,target1,9,-1.015712857246399,0.03968863116314974,170,-1.1033563613891602,0.0901975548565518,40
word_length,payload_zero,target1,10,-0.9950987100601196,0.038481521436481654,170,-1.0748120546340942,0.09053233504094639,40
word_length,payload_zero,target1,11,-0.8845860958099365,0.0375038216669562,170,-0.9748243093490601,0.09415579829844258,40
word_length,payload_zero,target1,12,-0.5249830484390259,0.029927183314839824,170,-0.6222165822982788,0.06938600401976729,40
word_length,payload_zero,target1,13,-0.3857300579547882,0.026033556954670512,170,-0.4507015347480774,0.06561396161644804,40
word_length,payload_zero,target1,14,-0.30344295501708984,0.01962007823998943,170,-0.3369753062725067,0.04042615625512967,40
word_length,payload_zero,target1,15,-0.2532241940498352,0.016931017584784644,170,-0.28336507081985474,0.03632968392886647,40
word_length,payload_zero,target1,16,-0.17933407425880432,0.015579310053094934,170,-0.21822679042816162,0.037477957437210774,40
word_length,payload_zero,target1,17,-0.13741371035575867,0.012274937862828994,170,-0.13712719082832336,0.02327350176984459,40
word_length,payload_zero,target1,18,-0.03459374979138374,0.009236282796592315,170,-0.03799742832779884,0.017575007824211696,40
word_length,payload_zero,target1,19,-0.03468352556228638,0.009973121654141865,170,-0.03829483315348625,0.019351768150726235,40
word_length,payload_zero,target1,20,-0.06630915403366089,0.004549568527572875,170,-0.06931422650814056,0.008929915428310795,40
word_length,payload_zero,target1,21,-0.0811552032828331,0.00510075037267356,170,-0.08456543833017349,0.01003650928433839,40
word_length,payload_zero,target1,22,-0.08019289374351501,0.004979300193700433,170,-0.08333991467952728,0.00971019979820931,40
word_length,payload_zero,target1,23,-0.08430025726556778,0.005944224425663767,170,-0.08889026939868927,0.01203482363669215,40
word_length,payload_zero,target1,24,-0.07090390473604202,0.003680891116710593,170,-0.07292801886796951,0.006865356928788407,40
word_length,payload_zero,target1,25,-0.016323279589414597,0.0011362566222059562,170,-0.015370586887001991,0.0015660240968417922,40
word_length,payload_zero,target1,26,-0.0010862700873985887,0.00024504148335548393,170,-0.0005285173538140953,0.0004526275370714503,40
word_length,payload_zero,target1,27,0.0,0.0,170,0.0,0.0,40
word_length,payload_zero,final_cue,0,-0.06925581395626068,0.012497569476429929,170,-0.089549221098423,0.028934875667866525,40
word_length,payload_zero,final_cue,1,-0.07300163060426712,0.012557536845166509,170,-0.09399570524692535,0.029220369005166634,40
word_length,payload_zero,final_cue,2,-0.07412475347518921,0.012588221678373583,170,-0.09575430303812027,0.029321619206755557,40
word_length,payload_zero,final_cue,3,-0.0807328149676323,0.012709300425606524,170,-0.10072793066501617,0.029682134857989546,40
word_length,payload_zero,final_cue,4,-0.0918985903263092,0.012840488973373925,170,-0.11172342300415039,0.030233507162779467,40
word_length,payload_zero,final_cue,5,-0.07665552198886871,0.012769754655639473,170,-0.10108032077550888,0.02937816042557929,40
word_length,payload_zero,final_cue,6,-0.10492073744535446,0.012925112552457612,170,-0.1263330578804016,0.0298314114036281,40
word_length,payload_zero,final_cue,7,-0.14170312881469727,0.014876617201137561,170,-0.16435524821281433,0.03239330255754263,40
word_length,payload_zero,final_cue,8,-0.1820174902677536,0.01525628101155471,170,-0.18399092555046082,0.033860028612709724,40
word_length,payload_zero,final_cue,9,-0.18811647593975067,0.014753179576637706,170,-0.19553804397583008,0.03156237188212553,40
word_length,payload_zero,final_cue,10,-0.22364187240600586,0.016383964917767953,170,-0.21568408608436584,0.03279650567450911,40
word_length,payload_zero,final_cue,11,-0.3635551929473877,0.022286016412217363,170,-0.36415380239486694,0.0477250154955705,40
word_length,payload_zero,final_cue,12,-0.3367651700973511,0.01952880203272226,170,-0.3337225914001465,0.03820860154794615,40
word_length,payload_zero,final_cue,13,-0.2617068588733673,0.01593382736326793,170,-0.25953468680381775,0.03276029271787436,40
word_length,payload_zero,final_cue,14,-0.25177624821662903,0.015322435861649372,170,-0.24493928253650665,0.03081486765963491,40
word_length,payload_zero,final_cue,15,-0.20112507045269012,0.013127250276935329,170,-0.19239486753940582,0.02439755477108381,40
word_length,payload_zero,final_cue,16,-0.1697184443473816,0.011716136524153441,170,-0.161159947514534,0.022091826108851558,40
word_length,payload_zero,final_cue,17,-0.14636777341365814,0.010036821626150608,170,-0.14221757650375366,0.019222607820035473,40
word_length,payload_zero,final_cue,18,-0.12713760137557983,0.00950016619069194,170,-0.12246499210596085,0.01789249202196637,40
word_length,payload_zero,final_cue,19,-0.11183667182922363,0.009311620582171309,170,-0.1065225601196289,0.016899195595928,40
word_length,payload_zero,final_cue,20,-0.1091751977801323,0.008786009812365483,170,-0.09842722117900848,0.015718130159773514,40
word_length,payload_zero,final_cue,21,-0.07101041078567505,0.007984256686733499,170,-0.060087837278842926,0.014101259343319206,40
word_length,payload_zero,final_cue,22,-0.06658992916345596,0.00776767198186282,170,-0.05765627697110176,0.013854382164720696,40
word_length,payload_zero,final_cue,23,-0.07612784951925278,0.007419541583320712,170,-0.06959866732358932,0.013444369975231478,40
word_length,payload_zero,final_cue,24,-0.06019845977425575,0.00721924558884088,170,-0.05642460659146309,0.013619926242295145,40
word_length,payload_zero,final_cue,25,-0.0733189731836319,0.006578196691351951,170,-0.06835613399744034,0.012546576092505493,40
word_length,payload_zero,final_cue,26,-0.09255483001470566,0.0063974625780441885,170,-0.08551502227783203,0.011718477425798544,40
word_length,payload_zero,final_cue,27,-0.1605515331029892,0.006985975027334077,170,-0.15213227272033691,0.012894400716354115,40
word_length,payload_mean,cue1,0,-0.002805917989462614,0.001067595750731921,170,-0.0011890589958056808,0.0018954701150801759,40
word_length,payload_mean,cue1,1,-0.002652239752933383,0.001049403952676878,170,-0.0004478365299291909,0.0019894328125584265,40
word_length,payload_mean,cue1,2,-0.0026076610665768385,0.0010493817382016477,170,-0.0008105635643005371,0.0018738349645123185,40
word_length,payload_mean,cue1,3,-0.0025617999490350485,0.001056820087373991,170,-0.0009322136756964028,0.0021060564391338034,40
word_length,payload_mean,cue1,4,-0.0020374739542603493,0.001055306217316003,170,-8.38011474115774e-05,0.0019794586404508377,40
word_length,payload_mean,cue1,5,-0.0013060850324109197,0.001005044717096431,170,-0.0002745389938354492,0.002107361854962394,40
word_length,payload_mean,cue1,6,-0.0015260380459949374,0.0009570003786490563,170,-0.0014959305990487337,0.0019298550477898138,40
word_length,payload_mean,cue1,7,-0.002368220128118992,0.0008945901319289336,170,-0.0011529475450515747,0.0020280533889108832,40
word_length,payload_mean,cue1,8,-0.0022789640352129936,0.0008003739710089959,170,-0.00011479556269478053,0.002146698090753875,40
word_length,payload_mean,cue1,9,-0.0022065015509724617,0.0007280771399444271,170,-0.0006599485641345382,0.001929343925585523,40
word_length,payload_mean,cue1,10,-0.001628133119083941,0.0006461446552475814,170,-0.0007249027257785201,0.0015452040028572681,40
word_length,payload_mean,cue1,11,-3.834471863228828e-05,0.0004056899253083307,170,0.001569294952787459,0.0008897089926354093,40
word_length,payload_mean,cue1,12,0.00017374192248098552,0.0003758524564731489,170,0.00178469717502594,0.0009043847232963257,40
word_length,payload_mean,cue1,13,0.0006836701650172472,0.0003314107916180525,170,0.0026216269470751286,0.0007680963656908666,40
word_length,payload_mean,cue1,14,-0.00016979679639916867,0.0002977320757267027,170,0.0010471045970916748,0.0006887997536691586,40
word_length,payload_mean,cue1,15,-0.00034592783777043223,0.0002592073363500915,170,0.0004368811787571758,0.000565491632325248,40
word_length,payload_mean,cue1,16,-7.154591003200039e-05,0.00024355925642459262,170,0.0006216347101144493,0.0006371479908152557,40
word_length,payload_mean,cue1,17,0.0003469228686299175,0.00024482382078427493,170,0.0008986025932244956,0.00047994724713609375,40
word_length,payload_mean,cue1,18,0.00031428757938556373,0.0002476339161863373,170,0.0004919797065667808,0.0005069739196938116,40
word_length,payload_mean,cue1,19,0.0003909356310032308,0.0002349242006143319,170,0.0006764739518985152,0.0005579642865867312,40
word_length,payload_mean,cue1,20,0.000601911568082869,0.00022953026174040808,170,0.0010785668855533004,0.00048145418147133175,40
word_length,payload_mean,cue1,21,0.0002532131620682776,0.00023686944935249855,170,0.00029687880305573344,0.000491821745387841,40
word_length,payload_mean,cue1,22,0.00024202220083680004,0.00025159271781681567,170,2.657174991327338e-05,0.0005292670793569943,40
word_length,payload_mean,cue1,23,0.00017299651517532766,0.00023225224924794705,170,0.0003784447908401489,0.0004952755752700341,40
word_length,payload_mean,cue1,24,-1.78238933585817e-05,0.00017616787792371525,170,0.000436633825302124,0.00039967518099114346,40
word_length,payload_mean,cue1,25,-7.112937601050362e-05,0.00017932902989214057,170,-0.00025168657884933054,0.00035392105566041924,40
word_length,payload_mean,cue1,26,7.720484427409247e-05,0.00016525692769734,170,0.0002242892951471731,0.000313787802026609,40
word_length,payload_mean,cue1,27,0.0,0.0,170,0.0,0.0,40
word_length,payload_mean,target1,0,-0.9464199542999268,0.04199200167081119,170,-1.049377202987671,0.10073998765365119,40
word_length,payload_mean,target1,1,-0.9656230211257935,0.042495864255078855,170,-1.0760892629623413,0.10307489166019107,40
word_length,payload_mean,target1,2,-0.9521135091781616,0.042565510563531285,170,-1.0622777938842773,0.10210318753350724,40
word_length,payload_mean,target1,3,-0.9261025786399841,0.04177904442545853,170,-1.0367364883422852,0.10074796062992003,40
word_length,payload_mean,target1,4,-0.8176591992378235,0.03856055296785845,170,-0.9209150075912476,0.08881390419832298,40
word_length,payload_mean,target1,5,-0.7755305767059326,0.03796320615748656,170,-0.8648353815078735,0.08679068136337048,40
word_length,payload_mean,target1,6,-0.7333879470825195,0.03496166740789667,170,-0.8134373426437378,0.08178459469872504,40
word_length,payload_mean,target1,7,-0.6958321332931519,0.03338046077544667,170,-0.7573469281196594,0.07748463477157222,40
word_length,payload_mean,target1,8,-0.6096576452255249,0.029099071107190334,170,-0.6747211217880249,0.0664567174596823,40
word_length,payload_mean,target1,9,-0.5304784178733826,0.027180154165094113,170,-0.5785447359085083,0.06054829910134936,40
word_length,payload_mean,target1,10,-0.5241117477416992,0.025926088609264944,170,-0.5673776865005493,0.05968755693990107,40
word_length,payload_mean,target1,11,-0.507304310798645,0.026715304485081977,170,-0.565142810344696,0.06602307613928288,40
word_length,payload_mean,target1,12,-0.3188243508338928,0.022717354949196317,170,-0.38009846210479736,0.051424212603298776,40
word_length,payload_mean,target1,13,-0.23960436880588531,0.020236531499076577,170,-0.28039249777793884,0.04855084525679669,40
word_length,payload_mean,target1,14,-0.2080734670162201,0.015137497141042684,170,-0.23023644089698792,0.03059070074056811,40
word_length,payload_mean,target1,15,-0.17424190044403076,0.012939738962952757,170,-0.1949261724948883,0.026390777633568493,40
word_length,payload_mean,target1,16,-0.12429192662239075,0.01201043732060721,170,-0.15630362927913666,0.02855617814374051,40
word_length,payload_mean,target1,17,-0.1042708083987236,0.010231282713708816,170,-0.10527118295431137,0.01954201811356431,40
word_length,payload_mean,target1,18,-0.01839374005794525,0.007935880845458007,170,-0.02363799884915352,0.01540057292352465,40
word_length,payload_mean,target1,19,-0.01899467594921589,0.008603921973223098,170,-0.02212008461356163,0.01683058653299996,40
word_length,payload_mean,target1,20,-0.04952675476670265,0.0035157588507910534,170,-0.05236523225903511,0.007012633162118378,40
word_length,payload_mean,target1,21,-0.06383626908063889,0.004075417911069715,170,-0.06731085479259491,0.008233961657214394,40
word_length,payload_mean,target1,22,-0.06387762725353241,0.004019826579665992,170,-0.06720954179763794,0.007971961387178062,40
word_length,payload_mean,target1,23,-0.06829541176557541,0.005031904071046154,170,-0.07234789431095123,0.010331413985026756,40
word_length,payload_mean,target1,24,-0.05710289254784584,0.0030326433006633794,170,-0.05892091989517212,0.005679701847902331,40
word_length,payload_mean,target1,25,-0.014126387424767017,0.0009723764383967533,170,-0.013709679245948792,0.0015090137234969225,40
word_length,payload_mean,target1,26,-0.0008678401354700327,0.00024285548256341294,170,-0.00042991340160369873,0.00041552331937606243,40
word_length,payload_mean,target1,27,0.0,0.0,170,0.0,0.0,40
word_length,payload_mean,final_cue,0,-0.1259288489818573,0.006805697489350023,170,-0.11925990879535675,0.012408528626328309,40
word_length,payload_mean,final_cue,1,-0.1257961541414261,0.006810015240471343,170,-0.119031623005867,0.01241508559824207,40
word_length,payload_mean,final_cue,2,-0.12584121525287628,0.0067973328465609955,170,-0.11902666091918945,0.012349091784622072,40
word_length,payload_mean,final_cue,3,-0.12614454329013824,0.006779180120267853,170,-0.11932693421840668,0.012268659909957326,40
word_length,payload_mean,final_cue,4,-0.12675204873085022,0.006851411593631985,170,-0.12014184147119522,0.012403040136902112,40
word_length,payload_mean,final_cue,5,-0.12486879527568817,0.006780408702177705,170,-0.11795493215322495,0.012041005991813137,40
word_length,payload_mean,final_cue,6,-0.1286841183900833,0.006885330168712479,170,-0.12192430347204208,0.012280314261941308,40
word_length,payload_mean,final_cue,7,-0.1312064230442047,0.007057791640016091,170,-0.12348970025777817,0.012359801348342518,40
word_length,payload_mean,final_cue,8,-0.13850264251232147,0.007205351184590628,170,-0.12919194996356964,0.012752503414709059,40
word_length,payload_mean,final_cue,9,-0.13610179722309113,0.007056301341587769,170,-0.125641331076622,0.012127132512944129,40
word_length,payload_mean,final_cue,10,-0.13804733753204346,0.0073704800219094885,170,-0.12520763278007507,0.012449936740372274,40
word_length,payload_mean,final_cue,11,-0.16439907252788544,0.008284683821166577,170,-0.1548328697681427,0.014853766702661742,40
word_length,payload_mean,final_cue,12,-0.1615694761276245,0.00789601421963349,170,-0.15236395597457886,0.013664457340985783,40
word_length,payload_mean,final_cue,13,-0.14832229912281036,0.007388704748816883,170,-0.14134809374809265,0.01296591482648649,40
word_length,payload_mean,final_cue,14,-0.14826223254203796,0.007645884085722845,170,-0.14085711538791656,0.013574844998817635,40
word_length,payload_mean,final_cue,15,-0.13625553250312805,0.007138055181903421,170,-0.12860557436943054,0.012530627783887366,40
word_length,payload_mean,final_cue,16,-0.12873919308185577,0.006867920305899712,170,-0.1224895492196083,0.012128368277144188,40
word_length,payload_mean,final_cue,17,-0.12565720081329346,0.006425970821253764,170,-0.12099599838256836,0.011491366584199853,40
word_length,payload_mean,final_cue,18,-0.12063663452863693,0.006321476215503483,170,-0.11579784005880356,0.01140757258272198,40
word_length,payload_mean,final_cue,19,-0.11672354489564896,0.006288281075166185,170,-0.11194823682308197,0.010974949089080277,40
word_length,payload_mean,final_cue,20,-0.11534814536571503,0.006278520991900944,170,-0.1087736114859581,0.011353004581281566,40
word_length,payload_mean,final_cue,21,-0.1051255390048027,0.006100936619749974,170,-0.09840257465839386,0.010871970702475633,40
word_length,payload_mean,final_cue,22,-0.1039174348115921,0.006111658996939023,170,-0.0972469300031662,0.01077716320289827,40
word_length,payload_mean,final_cue,23,-0.10640925168991089,0.00609531200033664,170,-0.09948424994945526,0.01084638366870508,40
word_length,payload_mean,final_cue,24,-0.10205142199993134,0.006074692395855204,170,-0.09661086648702621,0.01100294639315905,40
word_length,payload_mean,final_cue,25,-0.11078116297721863,0.006023877105196849,170,-0.10478472709655762,0.011169599032173093,40
word_length,payload_mean,final_cue,26,-0.11871002614498138,0.006085097627481478,170,-0.11163761466741562,0.011188240340754364,40
word_length,payload_mean,final_cue,27,-0.15102513134479523,0.0065733526500264565,170,-0.14205096662044525,0.012005693057913226,40
word_length,payload_cf_zero,cue1,0,-0.06503945589065552,0.004849776802995965,170,-0.07188132405281067,0.011909231589854562,40
word_length,payload_cf_zero,cue1,1,-0.06860076636075974,0.0049215265579647454,170,-0.07497575134038925,0.01234495686341882,40
word_length,payload_cf_zero,cue1,2,-0.06849328428506851,0.004881991363539167,170,-0.07406499981880188,0.01204321128312154,40
word_length,payload_cf_zero,cue1,3,-0.07161936908960342,0.005115747643475446,170,-0.07640203088521957,0.012625253865269486,40
word_length,payload_cf_zero,cue1,4,-0.056212279945611954,0.004613945076782206,170,-0.055912576615810394,0.010433808063677892,40
word_length,payload_cf_zero,cue1,5,-0.04864273592829704,0.004429032356397332,170,-0.04958496242761612,0.009821952228438405,40
word_length,payload_cf_zero,cue1,6,-0.05495566129684448,0.004285333416186962,170,-0.05178779363632202,0.009865084404357289,40
word_length,payload_cf_zero,cue1,7,-0.04425092041492462,0.003569859883766454,170,-0.04000518471002579,0.007410229396615664,40
word_length,payload_cf_zero,cue1,8,-0.03442267328500748,0.00314708770558312,170,-0.029886212199926376,0.006746545681508062,40
word_length,payload_cf_zero,cue1,9,-0.03678673878312111,0.0028521869040105882,170,-0.03493873029947281,0.006569111618319613,40
word_length,payload_cf_zero,cue1,10,-0.015621890313923359,0.001945291738533502,170,-0.012034433893859386,0.004500073326316978,40
word_length,payload_cf_zero,cue1,11,-0.006199810653924942,0.0013880068413664477,170,-0.0036592246033251286,0.003151085323781749,40
word_length,payload_cf_zero,cue1,12,-0.003126818221062422,0.0009845358992744248,170,-0.0019278943073004484,0.0024383057513517564,40
word_length,payload_cf_zero,cue1,13,-0.0012429539347067475,0.0007830239658497437,170,-3.612339423852973e-05,0.001928747984484755,40
word_length,payload_cf_zero,cue1,14,-0.0008945079171098769,0.0004798858440029707,170,-0.0008675664430484176,0.0011444192552255796,40
word_length,payload_cf_zero,cue1,15,0.0013025017688050866,0.00036958301013009423,170,0.000946259475313127,0.0009389269243765147,40
word_length,payload_cf_zero,cue1,16,0.0017121967393904924,0.00035373401777628514,170,0.0019553364254534245,0.0009029768179678252,40
word_length,payload_cf_zero,cue1,17,0.0013933504233136773,0.00030602821793133733,170,0.002228343393653631,0.0007182891193252807,40
word_length,payload_cf_zero,cue1,18,0.00115654815454036,0.00031450632597407357,170,0.0009168416145257652,0.0005861857496327998,40
word_length,payload_cf_zero,cue1,19,0.002287893323227763,0.00030670943802867774,170,0.0024337172508239746,0.0006790896098278601,40
word_length,payload_cf_zero,cue1,20,0.00046325501170940697,0.00026538887122887005,170,0.0005040437099523842,0.00047451673937741,40
word_length,payload_cf_zero,cue1,21,0.0004531081940513104,0.00026264784784464645,170,0.0007513314485549927,0.0005835513939847983,40
word_length,payload_cf_zero,cue1,22,0.0006070137023925781,0.00025117914285995285,170,0.0009866893524304032,0.00048614874541080057,40
word_length,payload_cf_zero,cue1,23,0.0005271308473311365,0.00025681442307852264,170,0.0006838142871856689,0.0005104249517304611,40
word_length,payload_cf_zero,cue1,24,-0.00039279181510210037,0.00021539428400067236,170,-0.0004628986062016338,0.0004259987844147826,40
word_length,payload_cf_zero,cue1,25,-0.00013866284280084074,0.0001939668690562145,170,2.346336805203464e-05,0.00043677034250227205,40
word_length,payload_cf_zero,cue1,26,0.00024796443176455796,0.00021308921076419886,170,0.0008465826394967735,0.000497715591094033,40
word_length,payload_cf_zero,cue1,27,0.0,0.0,170,0.0,0.0,40
word_length,payload_cf_zero,target1,0,-0.01569378189742565,0.004994875183716673,170,-0.030106287449598312,0.010506528487004606,40
word_length,payload_cf_zero,target1,1,-0.015541750006377697,0.005019385678534936,170,-0.02981509268283844,0.010368098157753046,40
word_length,payload_cf_zero,target1,2,-0.015878720209002495,0.005057215144122883,170,-0.02966269850730896,0.010665542713174806,40
word_length,payload_cf_zero,target1,3,-0.011689470149576664,0.004969949828216293,170,-0.02651337906718254,0.010398598797318118,40
word_length,payload_cf_zero,target1,4,-0.00421663885936141,0.004922112848680796,170,-0.01794721744954586,0.010117408840973988,40
word_length,payload_cf_zero,target1,5,-0.002856018953025341,0.004806185573967537,170,-0.01592578925192356,0.009788153076232563,40
word_length,payload_cf_zero,target1,6,-0.0027573045808821917,0.004730684072706137,170,-0.015111809596419334,0.010059611831266305,40
word_length,payload_cf_zero,target1,7,0.005261878948658705,0.004578215343393212,170,-0.006081819534301758,0.00999461581772014,40
word_length,payload_cf_zero,target1,8,-0.014057541266083717,0.003871693601627951,170,-0.027665087953209877,0.008118949000651965,40
word_length,payload_cf_zero,target1,9,-0.01815057173371315,0.003586618883883723,170,-0.03092876635491848,0.007611457516346361,40
word_length,payload_cf_zero,target1,10,-0.004966885317116976,0.0033278175331400337,170,-0.017155367881059647,0.007400379213242161,40
word_length,payload_cf_zero,target1,11,-0.03358599171042442,0.0037074884864752643,170,-0.04286820441484451,0.0075874025238934235,40
word_length,payload_cf_zero,target1,12,-0.02105291560292244,0.003552607736584905,170,-0.025746721774339676,0.006586894135574056,40
word_length,payload_cf_zero,target1,13,-0.01229097880423069,0.0031795351252557474,170,-0.01068895123898983,0.005598445345077393,40
word_length,payload_cf_zero,target1,14,-0.004138999152928591,0.0019198170926327288,170,-0.005837285425513983,0.0037980114166340046,40
word_length,payload_cf_zero,target1,15,-0.002774635562673211,0.001881854197335037,170,-0.005157562904059887,0.004073883404875065,40
word_length,payload_cf_zero,target1,16,0.005395549815148115,0.001541538722606479,170,0.0010870217811316252,0.0036771353593425486,40
word_length,payload_cf_zero,target1,17,0.00047274967073462903,0.0013581494437898212,170,-0.000987938023172319,0.0021628401869896487,40
word_length,payload_cf_zero,target1,18,-0.002326189074665308,0.0012878941301418495,170,-0.004024022724479437,0.0017451046185050832,40
word_length,payload_cf_zero,target1,19,-0.0017455542692914605,0.001306645290111779,170,-0.0028396069537848234,0.0020623026997391753,40
word_length,payload_cf_zero,target1,20,-0.0030469417106360197,0.0006128448711604039,170,-0.0018622397910803556,0.0011723979315432344,40
word_length,payload_cf_zero,target1,21,-0.003956437110900879,0.0006468101609251447,170,-0.002975624753162265,0.001377652960913701,40
word_length,payload_cf_zero,target1,22,-0.004183820448815823,0.0006079038290073762,170,-0.0028445899952203035,0.0012395071283774076,40
word_length,payload_cf_zero,target1,23,-0.0033987401984632015,0.0006160131124750241,170,-0.0016173928743228316,0.001336150898161485,40
word_length,payload_cf_zero,target1,24,-0.0044365632347762585,0.0005028727186800657,170,-0.004234576132148504,0.0010558048603862935,40
word_length,payload_cf_zero,target1,25,-0.002700095297768712,0.0002902222259443731,170,-0.002057105302810669,0.0005598473102650285,40
word_length,payload_cf_zero,target1,26,-6.54332761769183e-05,0.00015412192198807368,170,7.807314250385389e-05,0.00029992390674527534,40
word_length,payload_cf_zero,target1,27,0.0,0.0,170,0.0,0.0,40
word_length,payload_cf_zero,final_cue,0,0.059066448360681534,0.009662660719822701,170,0.04294935613870621,0.018925773489452253,40
word_length,payload_cf_zero,final_cue,1,0.06495435535907745,0.009814895161422584,170,0.048099227249622345,0.01926438112655038,40
word_length,payload_cf_zero,final_cue,2,0.06716889888048172,0.009851538902609164,170,0.04957195371389389,0.019257615641516113,40
word_length,payload_cf_zero,final_cue,3,0.06404619663953781,0.009739273944854155,170,0.04536452144384384,0.01908250349561872,40
word_length,payload_cf_zero,final_cue,4,0.06145958602428436,0.009372585102271931,170,0.0421438068151474,0.017705336770809477,40
word_length,payload_cf_zero,final_cue,5,0.050572674721479416,0.009173864549803942,170,0.02896386757493019,0.01721737012525678,40
word_length,payload_cf_zero,final_cue,6,0.030304577201604843,0.008232663948803119,170,0.01569194719195366,0.016248770134575957,40
word_length,payload_cf_zero,final_cue,7,0.04164476320147514,0.008186912129913692,170,0.02820414863526821,0.01639517344009635,40
word_length,payload_cf_zero,final_cue,8,0.034647539258003235,0.008284840965364347,170,0.023185070604085922,0.017361635287761818,40
word_length,payload_cf_zero,final_cue,9,0.030750412493944168,0.008569075390225582,170,0.020764660090208054,0.018801246390981543,40
word_length,payload_cf_zero,final_cue,10,0.045179110020399094,0.008474704299412477,170,0.02781183086335659,0.01767407040509565,40
word_length,payload_cf_zero,final_cue,11,0.006790014449506998,0.006971917193118142,170,-0.012088676914572716,0.016373857980195597,40
word_length,payload_cf_zero,final_cue,12,-0.017652982845902443,0.005951802776030488,170,-0.032631851732730865,0.014191480732285667,40
word_length,payload_cf_zero,final_cue,13,-0.022669199854135513,0.006171847510419377,170,-0.04131391644477844,0.014141082993255371,40
word_length,payload_cf_zero,final_cue,14,-0.0014656283892691135,0.0067409883658748615,170,-0.0207110196352005,0.014486826020019623,40
word_length,payload_cf_zero,final_cue,15,-0.0028698681853711605,0.006357131948261162,170,-0.01684577763080597,0.013482300514519888,40
word_length,payload_cf_zero,final_cue,16,-0.004483504686504602,0.006066560897912326,170,-0.01541961170732975,0.01286748838732611,40
word_length,payload_cf_zero,final_cue,17,-0.001090787467546761,0.005001403810842279,170,-0.00858336128294468,0.010127756746344177,40
word_length,payload_cf_zero,final_cue,18,-0.004507977981120348,0.004401429263766922,170,-0.008172070607542992,0.00844328173527704,40
word_length,payload_cf_zero,final_cue,19,-0.009200974367558956,0.004113431949660864,170,-0.011917421594262123,0.008416723996357916,40
word_length,payload_cf_zero,final_cue,20,0.0020687200594693422,0.003276073663131209,170,0.00037433503894135356,0.006856471560362331,40
word_length,payload_cf_zero,final_cue,21,0.0042339046485722065,0.0032336181580775855,170,0.0010204880964010954,0.006779177984867233,40
word_length,payload_cf_zero,final_cue,22,0.003381145652383566,0.0032657238605492403,170,-0.0012560158502310514,0.0067183575349122155,40
word_length,payload_cf_zero,final_cue,23,0.002141134813427925,0.0031377659117713015,170,-0.0018354266649112105,0.006228166749407456,40
word_length,payload_cf_zero,final_cue,24,0.0021637866739183664,0.0027125005694611385,170,-0.002373024821281433,0.0054111993848228795,40
word_length,payload_cf_zero,final_cue,25,0.011430265381932259,0.0027593578263527094,170,0.0077426014468073845,0.005595406590307083,40
word_length,payload_cf_zero,final_cue,26,0.009886814281344414,0.003018328035679822,170,0.007681244518607855,0.005788341306826698,40
word_length,payload_cf_zero,final_cue,27,-0.0016411500982940197,0.002441725687997414,170,-0.0023589939810335636,0.004736109589709526,40
word_length,payload_cf_mean,cue1,0,-0.005286700092256069,0.0011642897185048147,170,-0.005128771066665649,0.002483632763472009,40
word_length,payload_cf_mean,cue1,1,-0.004796378780156374,0.0011676261041110507,170,-0.004136258270591497,0.0026271746092765354,40
word_length,payload_cf_mean,cue1,2,-0.005082826595753431,0.0011411151636551537,170,-0.005058324430137873,0.0025476315659644557,40
word_length,payload_cf_mean,cue1,3,-0.004998144693672657,0.0011170448154490132,170,-0.005269023589789867,0.002444419485629414,40
word_length,payload_cf_mean,cue1,4,-0.005059403367340565,0.001133315525686297,170,-0.0052986592054367065,0.002386646625746423,40
word_length,payload_cf_mean,cue1,5,-0.004599527921527624,0.0010663040968554183,170,-0.004007684998214245,0.002339220493193394,40
word_length,payload_cf_mean,cue1,6,-0.004035118967294693,0.0010779393389751596,170,-0.003119939472526312,0.002286570930265658,40
word_length,payload_cf_mean,cue1,7,-0.004465102218091488,0.001076535755572335,170,-0.0018717527855187654,0.0020562234231382114,40
word_length,payload_cf_mean,cue1,8,-0.0043616583570837975,0.0009565205174124062,170,-0.0018193840514868498,0.0017735112915633808,40
word_length,payload_cf_mean,cue1,9,-0.0036953813396394253,0.000752629492262642,170,-0.00284670596010983,0.0014561016048531823,40
word_length,payload_cf_mean,cue1,10,-0.0020645344629883766,0.0005543958010910213,170,-0.0004721134901046753,0.0011866111341592997,40
word_length,payload_cf_mean,cue1,11,-0.0013410961255431175,0.0004454984792088512,170,-0.00011376738257240504,0.0008195255525690316,40
word_length,payload_cf_mean,cue1,12,-0.0012131431140005589,0.0003854149309096908,170,-0.0002602398453745991,0.000834608885149129,40
word_length,payload_cf_mean,cue1,13,-0.0009299243101850152,0.0003671391321380208,170,-0.0006501555326394737,0.0007466311474260203,40
word_length,payload_cf_mean,cue1,14,-0.0007106788107194006,0.0002792047926667123,170,-0.00040448008803650737,0.0004913532167005743,40
word_length,payload_cf_mean,cue1,15,0.0001302340388065204,0.0002675341216732916,170,0.00034281908301636577,0.0005396700949216404,40
word_length,payload_cf_mean,cue1,16,-2.4571138055762276e-05,0.00028566425848800437,170,0.00021845698938705027,0.000583291525673066,40
word_length,payload_cf_mean,cue1,17,-8.38490086607635e-05,0.00025172616538385523,170,0.000449511397164315,0.0005804928334131404,40
word_length,payload_cf_mean,cue1,18,-0.00015733452164568007,0.0002446689087484034,170,0.00014009475125931203,0.0004309687152577444,40
word_length,payload_cf_mean,cue1,19,0.0003246370470151305,0.00023677301995841138,170,0.0008849918958730996,0.0004903639574184003,40
word_length,payload_cf_mean,cue1,20,-8.716442971490324e-05,0.0002221267878655928,170,9.422004222869873e-05,0.0003353655599470674,40
word_length,payload_cf_mean,cue1,21,-6.689043948426843e-05,0.000207909291573263,170,8.989870548248291e-05,0.00034855110653224966,40
word_length,payload_cf_mean,cue1,22,6.157790630823001e-05,0.00021861963294534647,170,8.521079871570691e-05,0.0004074562471439481,40
word_length,payload_cf_mean,cue1,23,-0.00011799125059042126,0.00021296113824301492,170,2.8437376386136748e-05,0.00026836017790806115,40
word_length,payload_cf_mean,cue1,24,-0.0001727160270093009,0.00019291148505252062,170,-0.0005168855423107743,0.0002656643248787381,40
word_length,payload_cf_mean,cue1,25,-0.00016569600848015398,0.00017177134041596658,170,-0.0003117173910140991,0.00037355166033762243,40
word_length,payload_cf_mean,cue1,26,0.00012318526569288224,0.0001357582385380703,170,0.00021257103071548045,0.0002677685624237586,40
word_length,payload_cf_mean,cue1,27,0.0,0.0,170,0.0,0.0,40
word_length,payload_cf_mean,target1,0,-0.02484327182173729,0.00403237240098264,170,-0.02240215800702572,0.007353438433263417,40
word_length,payload_cf_mean,target1,1,-0.024620061740279198,0.003965682689182108,170,-0.022302847355604172,0.0071422040398288955,40
word_length,payload_cf_mean,target1,2,-0.02225511707365513,0.0039510331356323826,170,-0.01912635564804077,0.007161004972861176,40
word_length,payload_cf_mean,target1,3,-0.025222063064575195,0.004071432448497501,170,-0.021449226886034012,0.007393821652308286,40
word_length,payload_cf_mean,target1,4,-0.024978725239634514,0.004028567797096224,170,-0.02294035628437996,0.0075393514409989905,40
word_length,payload_cf_mean,target1,5,-0.02662905864417553,0.004048165392858697,170,-0.024705002084374428,0.007511547924537862,40
word_length,payload_cf_mean,target1,6,-0.028777139261364937,0.004058295193563786,170,-0.026569325476884842,0.007577400962350514,40
word_length,payload_cf_mean,target1,7,-0.03436000645160675,0.004227335207106823,170,-0.03303300961852074,0.00798308679909929,40
word_length,payload_cf_mean,target1,8,-0.01909697987139225,0.0032580200805410243,170,-0.016780784353613853,0.005023974027480246,40
word_length,payload_cf_mean,target1,9,-0.01476316899061203,0.0030430633895592606,170,-0.013760492205619812,0.004722308553918528,40
word_length,payload_cf_mean,target1,10,-0.022787852212786674,0.002995644985023283,170,-0.023529693484306335,0.004597051659526048,40
word_length,payload_cf_mean,target1,11,-0.010419180616736412,0.0027310004415729947,170,-0.012000036425888538,0.004837295882616037,40
word_length,payload_cf_mean,target1,12,0.004644274711608887,0.0013960907674749098,170,-0.0015016377437859774,0.0028527451632760084,40
word_length,payload_cf_mean,target1,13,0.006268210243433714,0.0011877298470487098,170,0.0017285377252846956,0.0023857133233751195,40
word_length,payload_cf_mean,target1,14,0.009491000324487686,0.0009066950209124699,170,0.00760223250836134,0.0021327483273839857,40
word_length,payload_cf_mean,target1,15,0.006345683708786964,0.0008582399646754645,170,0.004293003585189581,0.002282934614589265,40
word_length,payload_cf_mean,target1,16,0.0023535117506980896,0.0008876953588225187,170,-0.001825031591579318,0.002581083785322904,40
word_length,payload_cf_mean,target1,17,0.003628830425441265,0.0008103521275632344,170,0.002056848956272006,0.0022192849537696433,40
word_length,payload_cf_mean,target1,18,0.007156079635024071,0.0007375997926126701,170,0.006033197045326233,0.0020862526993567164,40
word_length,payload_cf_mean,target1,19,0.005943446420133114,0.0007143538800113845,170,0.004519367124885321,0.0018133022508831967,40
word_length,payload_cf_mean,target1,20,0.007995334453880787,0.0005722414533358817,170,0.008832091465592384,0.0013115987727319743,40
word_length,payload_cf_mean,target1,21,0.008235941641032696,0.0006203269349914002,170,0.0088949678465724,0.0014929487888961385,40
word_length,payload_cf_mean,target1,22,0.008330650627613068,0.0006201026473636714,170,0.008607971481978893,0.0014706443642232675,40
word_length,payload_cf_mean,target1,23,0.007643356919288635,0.0006086889785627883,170,0.00798819400370121,0.0013830061229686095,40
word_length,payload_cf_mean,target1,24,0.00860921386629343,0.0005456204762269542,170,0.009164879098534584,0.001085472699137086,40
word_length,payload_cf_mean,target1,25,-0.0002683765778783709,0.00023651948208114286,170,0.00016392767429351807,0.00038259083664107834,40
word_length,payload_cf_mean,target1,26,-0.00010904353985097259,0.00011474930930665565,170,2.14815136132529e-05,7.670611076191317e-05,40
word_length,payload_cf_mean,target1,27,0.0,0.0,170,0.0,0.0,40
word_length,payload_cf_mean,final_cue,0,0.025379423052072525,0.003282810577748044,170,0.022456765174865723,0.006321536450885511,40
word_length,payload_cf_mean,final_cue,1,0.024921318516135216,0.0032808114178356647,170,0.02320694550871849,0.006426237132304729,40
word_length,payload_cf_mean,final_cue,2,0.024939868599176407,0.0032659355766411474,170,0.02266712859272957,0.006174102360164875,40
word_length,payload_cf_mean,final_cue,3,0.025289740413427353,0.0032840505883268245,170,0.022635173052549362,0.006393122421471845,40
word_length,payload_cf_mean,final_cue,4,0.023944919928908348,0.0032501382990142414,170,0.021045994013547897,0.0062374320358073365,40
word_length,payload_cf_mean,final_cue,5,0.02321460470557213,0.0033350084516300675,170,0.01949974335730076,0.006362395598182834,40
word_length,payload_cf_mean,final_cue,6,0.021610727533698082,0.0033091370880591014,170,0.018487300723791122,0.006380582772255885,40
word_length,payload_cf_mean,final_cue,7,0.02349395491182804,0.0033557020567428174,170,0.02019379660487175,0.006266157957767651,40
word_length,payload_cf_mean,final_cue,8,0.022198135033249855,0.003252443747253914,170,0.02075687050819397,0.006154831978101399,40
word_length,payload_cf_mean,final_cue,9,0.020837008953094482,0.003272589061974802,170,0.019455626606941223,0.006282695875520317,40
word_length,payload_cf_mean,final_cue,10,0.02011432871222496,0.00319258695088922,170,0.018989866599440575,0.0062227613118173925,40
word_length,payload_cf_mean,final_cue,11,0.016666244715452194,0.0030853723219338713,170,0.014581364579498768,0.00593138719769488,40
word_length,payload_cf_mean,final_cue,12,0.007508039474487305,0.002877683407240688,170,0.006210833787918091,0.005650939995715036,40
word_length,payload_cf_mean,final_cue,13,0.0033395648933947086,0.0028423065340048726,170,0.001189556671306491,0.005555142353325328,40
word_length,payload_cf_mean,final_cue,14,0.007378486450761557,0.0028055985065555686,170,0.004404500126838684,0.00537273754939126,40
word_length,payload_cf_mean,final_cue,15,0.005347462836652994,0.0026836020372076426,170,0.003996378276497126,0.0049986019860514585,40
word_length,payload_cf_mean,final_cue,16,0.0033802117686718702,0.002607120527585594,170,0.000894632947165519,0.005096126635416655,40
word_length,payload_cf_mean,final_cue,17,0.00519939512014389,0.0025924766883703323,170,0.0018924146424978971,0.004772640028185951,40
word_length,payload_cf_mean,final_cue,18,0.004487321712076664,0.002575561972638908,170,0.002587202237918973,0.00481649934943609,40
word_length,payload_cf_mean,final_cue,19,0.0026446853298693895,0.002447513451659708,170,0.0010540991788730025,0.0046784265553939846,40
word_length,payload_cf_mean,final_cue,20,0.004432014189660549,0.0023537569375182525,170,0.0027991831302642822,0.004461263674507792,40
word_length,payload_cf_mean,final_cue,21,0.004230333026498556,0.0023300467352417326,170,0.0020891069434583187,0.004508735161609631,40
word_length,payload_cf_mean,final_cue,22,0.003559953300282359,0.002399190753694735,170,0.0015780836110934615,0.004780557342053973,40
word_length,payload_cf_mean,final_cue,23,0.0034705225843936205,0.002360218564072264,170,0.0007859856123104692,0.004475392794502523,40
word_length,payload_cf_mean,final_cue,24,0.001909840852022171,0.0023421172667893015,170,-0.0005545407766476274,0.004544351735378528,40
word_length,payload_cf_mean,final_cue,25,0.0028975501190871,0.002321040944125797,170,0.0014993607765063643,0.004394075622605799,40
word_length,payload_cf_mean,final_cue,26,0.0014975274680182338,0.0023257078410828936,170,2.3603438421559986e-06,0.004345940604345061,40
word_length,payload_cf_mean,final_cue,27,-1.9113456801278517e-05,0.0022618315818559226,170,-0.000329992180923,0.0043557928492889645,40
